1 2 0.13
1 3 0.64
1 6 0.49
1 7 0.97
1 10 0.1
1 12 0.27
1 13 0.73
1 16 0.83
1 17 0.37
1 18 0.82
1 24 0.65
1 26 0.31
1 28 0.27
1 29 0.11
2 3 0.98
2 6 0.43
2 7 0.69
2 11 0.38
2 16 0.55
2 18 0.63
2 20 0.94
2 34 0.57
2 35 0.7
2 36 0.48
2 38 0.47
3 4 0.4
3 7 0.84
3 8 0.02
3 9 0.05
3 16 0.26
3 20 0.45
3 22 0.59
3 23 0.05
3 28 0.56
3 41 0.28
3 47 0.05
3 48 0.5
3 50 0.27
3 51 0.47
3 53 0.61
3 54 0.03
3 55 0.93
4 1 0.08
4 2 0.53
4 11 0.44
4 46 0.29
4 58 0.68
4 61 0.27
4 62 0.53
4 64 0.83
4 65 0.8
4 66 0.88
4 68 0.35
4 69 0.41
4 70 0.48
4 72 0.53
5 1 0.4
5 13 0.82
5 74 0.13
5 75 0.42
5 76 0.34
5 77 0.28
5 78 0.31
5 79 0.74
6 3 0.78
6 5 0.14
6 7 0.74
6 8 0.03
6 16 0.23
6 18 0.46
6 28 0.8
6 34 0.36
6 81 0.17
6 82 0.1
6 85 0.78
6 86 0.31
6 87 0.44
7 10 0.72
7 15 0.15
7 76 0.72
7 88 0.06
7 89 0.73
7 91 0.35
7 93 0.28
7 94 0.57
7 96 0.15
7 97 0.77
7 98 0.8
7 99 0.78
7 100 0.73
8 1 0.79
8 2 0.52
8 28 0.74
8 102 0.0
9 1 0.81
9 2 0.19
9 7 0.05
9 13 0.67
9 16 0.43
9 22 0.25
9 24 0.71
9 30 0.78
9 41 0.38
9 103 0.21
9 104 0.53
9 106 0.27
10 2 0.14
10 9 0.26
10 24 0.97
10 34 0.86
10 109 0.19
10 110 0.45
10 111 0.47
10 112 0.63
10 115 0.76
10 117 0.07
10 120 0.58
10 124 0.95
10 126 0.94
10 128 0.49
10 129 0.31
10 130 0.42
11 1 0.78
11 3 0.75
11 18 0.4
11 19 0.44
11 20 0.45
11 22 0.79
11 25 0.93
11 27 0.39
11 45 0.45
11 73 0.23
11 132 0.69
11 136 0.04
11 137 0.56
12 3 0.36
12 139 0.07
12 141 0.13
12 142 0.32
12 143 0.59
12 144 0.91
12 146 0.47
12 150 0.05
12 153 0.75
13 2 0.89
13 3 0.88
13 6 0.42
13 7 0.97
13 16 0.69
13 22 0.08
13 24 0.26
13 28 0.0
13 69 0.08
13 76 0.46
13 154 0.36
13 155 0.42
13 160 0.34
14 1 0.31
14 13 0.39
14 15 0.88
14 16 0.16
14 34 0.06
14 80 0.88
14 110 0.6
14 112 0.97
14 123 0.71
14 124 0.25
14 136 0.05
14 162 0.08
14 165 0.38
14 166 0.93
14 170 0.11
14 174 0.57
14 175 0.38
14 176 0.75
14 177 0.75
14 181 0.12
15 1 0.6
15 23 0.16
15 33 0.11
15 34 0.77
15 93 0.25
15 168 0.27
15 185 0.05
15 186 0.86
15 187 0.04
16 7 0.45
16 10 0.99
16 33 0.96
16 56 0.57
16 108 0.17
16 123 0.26
16 192 0.35
16 193 0.32
16 194 0.7
16 196 0.88
16 198 0.9
16 199 0.94
16 201 0.27
16 203 0.78
16 204 0.01
16 207 0.24
16 209 0.84
16 211 0.51
16 214 0.3
16 216 0.64
16 220 0.47
16 221 0.64
16 222 0.4
17 34 0.33
17 115 0.76
17 223 0.16
17 225 0.73
18 3 0.29
18 13 0.92
18 19 0.72
18 23 0.46
18 27 0.32
18 39 0.09
19 1 0.45
19 2 0.0
19 3 0.89
19 7 0.21
19 20 0.7
19 70 0.44
19 86 0.14
19 120 0.07
19 137 0.48
19 186 0.02
19 230 0.27
19 231 0.08
19 232 0.27
19 236 0.94
19 237 0.69
19 239 0.32
20 1 0.72
20 22 0.58
20 41 0.83
20 43 0.63
20 241 0.28
20 242 0.3
20 243 0.64
21 1 0.98
21 3 0.63
21 9 0.61
21 18 0.77
21 39 0.48
21 41 0.6
21 47 0.1
21 50 0.65
21 55 0.56
21 59 0.99
21 91 0.42
21 206 0.41
21 210 0.09
21 214 0.18
21 223 0.67
21 252 0.11
21 253 0.08
21 259 0.41
21 261 0.12
22 1 0.64
22 2 0.57
22 4 0.94
22 6 0.24
22 7 0.11
22 8 0.36
22 18 0.96
22 27 0.46
23 1 0.22
23 21 0.58
23 38 0.23
23 46 0.38
23 50 0.07
23 143 0.84
23 240 0.99
23 255 0.28
23 262 0.3
23 263 0.61
23 264 0.15
23 265 0.18
23 266 0.91
23 268 0.19
23 269 0.17
23 271 0.39
23 275 0.28
23 277 0.87
23 278 0.98
23 282 0.86
23 283 0.54
24 2 0.3
24 14 0.55
24 16 0.8
24 17 0.19
24 30 0.26
24 33 0.23
24 108 0.58
24 109 0.69
24 112 0.7
24 119 0.97
24 167 0.7
24 174 0.1
24 176 0.5
24 285 0.3
24 287 0.13
24 289 0.79
24 294 0.67
24 295 0.18
24 296 0.32
24 297 0.91
25 1 0.25
25 18 0.26
25 21 0.74
25 23 0.12
25 26 0.25
25 39 0.77
25 60 0.3
25 301 0.1
25 302 0.13
25 303 0.98
26 18 0.58
27 1 0.01
27 3 0.39
27 6 0.73
27 19 0.04
27 38 0.73
27 70 0.9
27 86 0.48
27 95 0.25
27 235 0.23
27 238 0.88
27 275 0.05
27 305 0.19
27 307 0.27
28 7 0.05
28 34 0.51
29 147 0.46
29 310 0.29
29 312 0.77
29 314 0.87
30 1 0.74
30 10 0.12
30 16 0.45
30 34 0.3
30 49 0.96
30 194 0.06
30 200 0.71
30 201 0.59
30 211 0.2
30 321 0.61
30 324 0.84
30 327 0.86
31 1 0.22
31 45 0.18
31 104 0.37
31 157 0.87
31 241 0.68
31 251 0.07
31 330 0.41
31 334 0.35
31 335 0.32
31 338 0.03
31 340 0.99
32 2 0.22
32 22 0.33
33 2 0.86
33 14 0.12
33 120 0.54
34 3 0.43
34 16 0.52
34 24 0.19
34 33 0.94
34 108 0.34
34 308 0.97
34 343 0.83
37 2 0.99
38 18 0.09
38 19 0.37
38 22 0.86
38 51 0.49
38 231 0.24
38 237 0.29
38 241 0.21
38 254 0.78
38 270 0.54
38 275 0.35
38 330 0.98
38 345 0.79
38 346 0.1
38 347 0.02
38 348 0.4
38 350 0.02
38 351 0.62
39 3 0.98
39 23 0.13
39 52 0.12
39 227 0.39
39 240 0.37
39 246 0.86
39 313 0.49
39 314 0.74
39 332 0.01
39 355 0.17
39 358 0.47
40 3 0.32
40 21 0.12
40 42 0.18
40 46 0.94
40 47 0.32
40 49 0.45
40 55 0.58
40 56 0.32
40 58 0.98
40 203 0.45
40 268 0.65
40 293 0.31
40 336 0.88
40 354 0.91
40 355 0.61
40 361 0.22
40 364 0.56
40 365 0.07
40 367 0.5
41 19 0.66
41 39 0.56
41 50 0.54
41 103 0.54
41 106 0.52
41 135 0.09
41 235 0.28
41 246 0.5
41 260 0.22
41 262 0.62
41 355 0.93
41 358 0.99
41 368 0.8
41 369 0.33
41 372 0.33
41 373 0.51
41 375 0.98
41 379 0.91
42 3 0.71
42 23 0.37
42 39 0.53
42 84 0.74
42 104 0.95
42 134 0.37
42 157 0.94
42 271 0.91
42 303 0.85
42 332 0.64
42 333 0.58
42 335 0.48
42 337 0.38
42 354 0.12
42 355 0.7
42 356 0.93
42 378 0.37
42 381 0.52
42 383 0.78
42 384 0.07
42 385 0.0
42 387 0.58
42 388 0.79
42 389 0.03
42 392 0.49
42 394 0.47
42 395 0.91
42 399 0.16
42 400 0.69
42 401 0.98
42 402 0.63
42 403 0.87
42 404 0.04
43 3 0.6
43 23 0.25
43 39 0.56
43 230 0.85
43 240 0.96
44 3 0.95
44 23 0.66
44 42 0.5
44 52 0.85
44 341 0.88
44 383 0.73
44 407 0.49
44 408 0.09
44 412 0.05
44 414 0.92
45 3 0.11
45 13 0.95
45 23 0.14
45 39 0.79
45 42 0.62
45 50 0.59
45 133 0.49
45 191 0.9
45 251 0.51
45 333 0.58
45 355 0.01
45 362 0.88
45 399 0.73
45 415 0.03
45 420 0.76
45 421 0.55
45 424 0.3
45 425 0.55
46 3 0.23
46 21 0.5
46 39 0.18
46 41 0.85
46 43 0.81
46 48 0.29
46 57 0.62
46 58 0.61
46 62 0.48
46 64 0.02
46 66 0.5
46 68 0.09
46 81 0.37
46 246 0.53
46 282 0.58
46 430 0.38
46 431 0.98
46 432 0.86
47 41 0.41
47 337 0.53
48 41 0.23
49 3 0.05
49 54 0.84
49 128 0.01
49 202 0.57
49 241 0.4
49 274 0.84
49 317 0.28
49 321 0.97
49 327 0.78
49 328 0.36
49 344 0.98
49 361 0.31
49 390 0.85
49 438 0.45
49 439 0.41
49 441 0.81
50 20 0.49
50 39 0.24
50 42 0.93
50 52 0.3
50 191 0.07
50 241 0.87
50 314 0.81
50 338 0.72
50 367 0.2
50 404 0.32
50 443 0.33
51 41 0.62
51 54 0.91
51 56 0.68
51 105 0.34
51 257 0.11
51 269 0.7
51 278 0.46
51 340 0.97
51 353 0.23
51 366 0.01
51 446 0.35
51 450 0.53
52 3 0.7
52 46 0.22
52 81 0.46
52 128 0.17
52 133 0.36
52 157 0.93
52 182 0.78
52 241 0.99
52 254 0.26
52 269 0.99
52 287 0.32
52 316 0.45
52 333 0.72
52 362 0.61
52 365 0.5
52 367 0.95
52 402 0.96
52 413 0.09
52 452 0.55
52 453 0.99
52 454 0.83
52 456 0.32
52 457 0.84
52 458 0.68
52 459 0.15
52 461 0.11
53 72 0.07
54 21 0.66
54 23 0.89
54 31 0.74
54 40 0.05
54 41 0.67
54 45 0.55
54 76 0.34
54 185 0.51
54 189 0.64
54 191 0.9
54 316 0.13
54 329 0.38
54 333 0.98
54 378 0.44
54 462 0.01
54 464 0.78
54 465 0.92
54 466 0.75
55 34 0.3
55 49 0.05
55 56 0.98
55 128 0.69
55 201 0.97
55 324 0.05
55 360 0.87
55 469 0.55
56 3 0.4
56 49 0.21
56 194 0.89
56 196 0.97
56 201 0.63
56 202 0.75
56 210 0.19
56 289 0.73
56 293 0.94
56 332 0.27
56 360 0.41
56 364 0.39
56 390 0.66
56 392 0.47
56 470 0.77
56 471 0.09
56 473 0.39
57 4 0.38
57 58 0.7
57 65 0.48
57 69 0.51
57 72 0.9
57 282 0.36
57 373 0.69
57 476 0.99
57 477 0.29
57 480 0.21
57 484 0.67
58 24 0.2
58 66 0.03
58 67 0.43
58 72 0.58
58 112 0.05
58 206 0.87
58 255 0.49
58 282 0.03
58 286 0.58
58 351 0.43
58 373 0.53
58 426 0.99
58 439 0.47
58 491 0.14
58 492 1.0
58 493 0.88
58 495 0.78
59 4 0.73
59 46 0.74
59 57 0.85
59 58 0.78
59 62 0.44
59 69 0.58
59 71 0.25
59 72 0.9
59 426 0.39
59 496 0.87
59 497 0.3
59 499 0.88
60 4 0.35
61 64 0.78
61 132 0.9
61 485 0.67
61 500 0.87
61 501 0.29
62 25 0.94
62 41 0.14
62 57 0.86
62 58 0.65
62 63 0.65
62 64 0.04
62 71 0.41
62 72 0.61
62 140 0.81
62 145 0.06
62 150 0.24
62 267 0.32
62 371 0.37
62 373 0.32
62 476 0.12
63 4 0.43
63 71 0.91
63 427 0.65
63 476 0.3
63 506 0.12
64 57 0.55
64 58 0.26
64 59 0.49
64 68 0.62
64 72 0.77
64 90 0.38
64 282 0.76
64 483 0.53
65 64 0.84
65 68 0.72
65 430 0.44
65 477 0.96
65 485 0.89
65 510 0.47
65 512 0.16
65 513 0.14
65 514 0.13
66 57 0.85
66 59 0.48
66 62 0.41
66 69 0.65
66 72 0.11
66 368 0.23
66 426 0.08
66 515 0.48
67 4 0.36
67 62 0.49
67 238 0.81
67 485 0.6
67 518 0.31
67 519 0.67
68 61 0.31
68 69 0.94
68 90 0.03
68 470 0.83
68 485 0.08
68 520 0.94
69 46 1.0
69 58 0.7
69 64 0.88
69 362 0.36
69 432 0.86
69 444 0.13
69 466 0.65
69 506 0.42
69 509 0.57
69 521 0.56
69 522 0.28
69 526 0.45
69 528 0.62
69 529 0.9
70 10 0.73
70 24 0.93
70 34 0.82
70 82 0.28
70 117 0.64
70 169 0.27
70 170 0.79
70 280 0.33
70 355 0.39
70 444 0.51
70 492 0.98
70 495 0.86
70 532 0.34
71 4 0.03
71 46 0.38
71 66 0.46
71 134 0.55
71 427 0.06
71 508 0.75
71 511 0.67
72 46 0.08
72 69 0.46
72 140 0.68
72 268 0.48
72 285 0.36
72 339 0.42
72 353 0.76
72 356 0.14
72 455 0.9
72 500 0.36
72 507 0.4
72 536 0.66
72 537 0.08
72 538 0.72
72 539 0.54
72 540 0.87
72 541 0.17
73 5 0.84
73 45 0.36
73 133 0.13
73 260 0.42
73 270 0.98
73 413 0.75
73 422 0.79
73 543 0.89
73 546 0.56
73 548 0.89
74 101 0.75
74 128 0.38
74 186 0.68
74 194 0.16
74 196 0.72
74 254 0.93
74 549 0.64
74 551 0.55
74 553 0.15
74 554 0.87
75 468 0.2
75 556 0.29
75 558 0.5
75 560 0.54
76 15 0.81
76 49 0.96
76 80 0.52
76 84 0.02
76 105 0.36
76 147 0.17
76 150 0.84
76 183 0.96
76 186 0.96
76 187 0.03
76 189 0.43
76 233 0.82
76 267 0.92
76 316 0.7
76 352 0.32
76 462 0.28
76 467 0.9
76 553 0.47
76 562 0.52
76 564 0.69
76 565 0.61
76 566 0.47
76 567 0.35
76 568 0.45
76 569 0.43
76 571 0.97
76 572 0.59
77 16 0.66
77 56 0.64
77 196 0.49
77 323 0.27
78 120 0.01
78 162 0.1
78 181 0.5
78 183 0.62
78 197 0.87
78 333 0.15
78 575 0.46
79 49 0.68
79 128 0.02
79 133 0.89
79 136 0.86
79 201 0.35
79 336 0.07
80 6 0.27
80 23 0.04
80 85 0.97
80 105 0.35
80 116 0.15
80 120 0.41
80 127 0.17
80 161 0.21
80 184 0.01
80 274 0.53
80 577 0.32
80 580 0.75
80 581 0.66
81 20 0.39
81 50 0.26
81 134 0.53
81 155 0.31
81 308 0.77
81 460 0.49
81 554 0.04
82 19 0.8
82 94 0.23
82 176 0.63
82 182 0.92
82 269 0.69
82 275 0.5
82 301 0.59
82 306 0.48
82 405 0.32
82 520 0.63
82 588 0.38
82 589 0.38
83 6 0.46
83 143 0.78
84 6 0.16
84 12 0.14
84 141 0.4
84 143 0.15
84 146 0.57
84 150 0.71
84 153 0.98
84 354 0.71
84 573 0.25
85 128 0.38
85 130 0.95
85 193 0.97
85 198 0.31
85 219 0.26
85 291 0.63
85 327 0.24
85 328 0.46
85 401 0.22
85 592 0.74
86 94 0.36
86 429 0.47
86 454 0.13
86 597 0.37
87 41 0.57
87 54 0.22
87 134 0.78
87 183 0.83
88 198 0.72
88 259 0.47
88 518 0.19
88 600 0.51
89 73 0.49
89 602 0.9
90 7 0.66
90 65 0.88
90 69 0.2
90 282 0.88
90 285 0.26
90 427 0.27
90 430 0.65
90 604 0.28
90 606 0.5
90 607 0.86
90 610 0.59
91 369 0.83
91 614 0.86
91 615 0.57
92 7 0.64
92 49 0.48
92 88 0.48
92 157 0.14
92 201 0.37
92 259 0.93
92 618 0.5
93 89 0.7
93 189 0.41
93 454 0.93
93 465 1.0
93 603 0.79
93 621 0.22
93 623 0.47
93 625 0.39
93 626 0.8
93 627 0.36
93 628 0.99
94 41 0.01
94 81 0.65
94 131 0.53
94 137 0.86
94 237 0.68
94 351 0.24
94 376 0.45
94 606 0.94
94 631 0.81
94 633 0.2
95 7 0.87
95 86 0.86
95 632 0.49
96 610 0.94
96 612 0.63
97 23 0.38
98 598 0.96
98 635 0.79
98 636 0.15
99 94 0.79
99 189 0.63
99 602 0.73
100 96 0.94
100 598 0.48
101 8 0.76
101 128 0.79
101 132 0.42
101 265 0.42
101 271 0.12
101 404 0.77
101 468 0.5
101 637 0.64
102 339 0.01
102 370 0.41
103 21 0.69
104 21 0.75
104 47 0.9
104 154 0.45
104 327 0.91
105 9 0.19
105 16 0.33
105 21 0.04
105 39 0.06
105 40 0.58
105 42 0.61
105 49 0.78
105 55 0.58
105 56 0.62
105 79 0.07
105 104 0.52
105 183 0.79
105 198 0.27
105 200 0.97
105 202 0.79
105 204 0.99
105 210 0.96
105 214 0.43
105 218 0.08
105 227 0.39
105 251 0.1
105 274 0.54
105 307 0.97
105 333 0.38
105 335 0.18
105 361 0.13
105 378 0.49
105 400 0.76
105 439 0.95
105 472 0.69
105 578 0.65
105 596 0.9
105 641 0.72
105 642 0.13
105 646 0.45
105 647 0.26
105 648 0.15
106 13 0.65
106 20 0.47
106 134 0.0
106 268 0.81
106 339 0.89
106 391 0.82
106 415 0.16
106 452 0.5
106 458 0.8
106 538 0.89
106 588 0.26
106 652 0.74
106 653 0.49
106 654 0.68
106 659 0.01
106 661 0.24
106 663 0.03
106 665 0.05
107 9 0.15
107 14 0.11
107 21 0.3
107 39 0.23
107 58 0.27
107 182 1.0
107 196 0.15
107 200 0.2
107 206 0.62
107 263 0.71
107 666 0.29
107 668 0.75
108 10 0.63
108 70 0.52
110 24 0.56
110 124 0.62
110 532 0.03
112 120 0.49
112 271 0.46
112 280 0.21
113 10 0.66
113 78 0.76
113 82 0.71
113 120 0.79
113 124 0.21
113 134 0.45
113 168 0.09
113 532 0.6
113 672 0.14
114 10 0.85
114 112 0.63
114 117 0.96
114 179 0.95
114 569 0.9
115 24 0.84
115 287 0.19
115 454 0.36
115 668 0.63
115 673 0.05
115 674 0.85
116 10 0.35
116 24 0.86
116 49 0.55
116 105 0.45
116 127 0.01
116 128 0.33
116 201 0.18
116 205 0.18
116 206 0.24
116 213 0.65
116 214 0.44
116 215 0.61
116 289 0.72
116 305 0.9
116 307 0.2
116 390 0.47
116 439 0.74
116 446 0.14
116 468 0.74
116 470 0.88
116 593 0.11
116 642 0.5
117 76 0.53
117 110 0.99
117 167 0.27
117 185 0.53
117 569 0.93
117 682 0.5
118 10 0.19
118 93 0.17
118 517 0.17
118 629 0.49
119 10 0.47
119 76 0.32
119 110 0.69
119 117 0.37
119 169 0.17
119 569 0.02
120 24 0.42
120 108 0.54
120 117 0.44
120 161 0.28
120 168 0.43
120 169 0.82
120 172 0.68
120 176 0.84
120 178 0.2
120 181 0.29
120 182 0.91
120 563 0.49
120 569 0.99
120 669 0.93
120 685 0.18
121 10 0.56
121 24 0.95
121 78 0.25
121 163 0.6
121 168 0.17
121 178 0.23
122 10 0.78
122 252 0.46
122 290 0.96
122 329 0.45
122 331 0.79
122 355 0.88
122 686 0.7
122 687 0.46
122 688 0.77
122 689 0.76
123 10 0.92
124 15 0.11
124 24 0.02
124 54 0.35
124 58 0.36
124 76 0.45
124 117 0.49
124 119 0.36
124 176 0.52
124 690 0.14
125 10 0.55
125 137 0.17
125 255 0.04
125 692 0.82
125 693 0.77
125 694 0.77
126 25 0.98
127 10 0.78
127 16 1.0
127 219 0.11
127 446 0.43
127 594 0.92
127 647 0.33
127 648 0.13
127 649 0.31
127 695 0.93
127 696 0.9
128 56 0.12
128 104 0.08
128 105 0.07
128 107 0.61
128 137 0.57
128 182 0.32
128 201 0.01
128 207 0.21
128 243 0.67
128 303 0.0
128 305 0.05
128 321 0.99
128 439 0.68
128 680 0.05
129 16 0.22
129 105 0.42
129 200 0.73
130 194 0.99
130 205 0.33
130 401 0.39
130 468 0.48
130 672 0.19
130 699 0.12
131 11 0.59
131 134 0.55
131 135 0.98
131 137 0.34
131 234 0.26
131 297 0.36
131 460 0.65
131 611 0.08
131 677 0.17
131 700 0.9
131 702 0.4
131 703 0.0
132 259 0.25
132 331 0.65
132 501 0.31
132 547 0.32
132 617 0.57
132 638 0.51
133 11 0.15
133 56 0.2
133 117 0.29
133 234 0.41
133 446 0.52
133 475 0.96
133 565 0.88
134 11 0.49
134 23 0.94
134 41 0.25
134 74 0.93
134 133 1.0
134 155 0.23
134 227 0.09
134 254 0.09
134 351 0.62
134 377 0.95
134 418 0.12
134 607 0.62
134 663 0.29
134 691 0.73
134 705 0.6
134 706 0.74
134 708 0.63
134 709 0.09
135 11 0.63
135 23 0.9
135 44 0.01
135 52 0.3
135 99 0.63
135 104 0.05
135 117 0.21
135 134 0.93
135 148 0.72
135 184 0.22
135 227 0.05
135 311 0.27
135 332 0.89
135 340 0.71
135 367 0.16
135 394 0.53
135 397 0.62
135 431 0.91
135 467 0.81
135 480 0.63
135 504 0.9
135 545 0.71
135 693 0.48
135 713 0.85
135 714 0.29
136 302 0.35
136 565 0.53
136 576 0.43
136 612 0.65
136 682 0.75
136 717 0.9
136 718 0.92
137 106 0.24
137 138 0.47
137 182 0.34
137 233 0.38
137 238 0.24
137 239 0.87
137 243 0.33
137 269 0.88
137 321 0.62
137 332 0.51
137 420 0.43
137 452 0.3
137 459 0.03
137 554 0.49
137 588 0.85
137 711 0.99
138 11 0.93
140 12 0.76
140 84 0.32
140 134 0.18
140 142 0.33
140 143 0.35
140 147 0.5
140 148 0.33
140 150 0.43
140 267 0.57
140 329 0.12
140 396 0.99
140 573 0.17
140 649 0.13
140 719 0.94
140 721 0.56
141 142 0.29
141 719 0.42
142 143 0.97
142 148 0.68
142 152 0.38
142 332 0.73
142 355 0.09
142 404 0.14
142 504 0.05
142 649 0.16
142 723 0.61
142 724 0.89
143 147 0.06
143 276 0.23
143 381 0.73
143 396 0.63
143 411 0.21
143 413 0.33
143 590 0.09
143 591 0.97
143 723 0.74
143 725 0.61
143 726 0.05
143 727 0.4
143 728 0.26
143 731 0.27
144 387 0.23
144 559 0.38
144 733 0.58
144 734 0.59
145 12 0.19
145 140 0.16
145 237 0.33
145 267 0.31
145 354 0.21
145 371 0.32
145 372 0.24
145 573 0.47
145 736 0.52
146 52 0.13
146 139 0.42
146 140 0.66
146 141 0.73
146 142 0.94
146 143 0.12
146 145 0.06
146 147 0.57
146 148 0.85
146 149 0.37
146 150 0.82
146 229 0.41
146 316 0.18
146 428 0.37
146 505 0.87
146 573 0.25
147 12 0.06
147 77 0.23
147 139 0.73
147 142 0.28
147 150 0.97
147 152 0.6
147 314 0.97
147 507 0.29
147 573 0.74
147 720 0.42
147 739 0.58
148 12 0.27
148 75 0.4
148 378 0.73
148 719 0.58
149 12 0.72
149 140 0.74
149 152 0.45
149 185 0.61
149 371 0.13
149 505 0.47
149 573 0.44
149 692 0.98
149 721 0.66
150 63 0.82
150 142 0.78
150 145 0.83
150 149 0.26
150 183 0.44
150 354 0.52
150 573 0.09
150 578 0.57
151 12 0.09
152 12 0.64
152 75 0.43
152 84 0.52
152 140 0.13
152 141 0.82
152 145 0.46
152 146 0.12
152 148 0.85
152 150 0.44
152 243 0.71
152 267 0.15
152 300 0.82
152 371 0.88
152 557 0.34
152 573 0.53
152 723 0.11
153 13 0.53
153 356 0.99
153 412 0.59
153 591 0.66
153 743 0.75
153 745 0.05
153 748 0.49
154 218 0.91
155 131 0.11
155 135 0.92
155 344 0.64
155 346 0.44
155 375 0.25
155 378 0.83
155 415 0.39
155 445 0.61
155 585 0.47
156 13 0.12
156 268 0.66
156 662 0.64
156 687 0.7
157 13 0.92
157 21 0.25
157 40 0.56
157 332 0.35
157 741 0.04
157 749 0.74
158 13 0.53
158 391 0.31
158 395 0.59
158 752 0.11
158 753 0.44
159 13 0.52
160 757 0.37
160 759 0.51
161 14 0.54
161 78 0.78
161 117 0.79
161 190 0.87
161 584 0.23
162 113 0.14
162 176 0.77
162 197 0.52
162 198 0.44
162 327 0.47
162 699 0.79
163 14 0.01
163 112 0.34
163 113 0.51
163 120 0.95
163 322 0.61
163 633 0.02
163 760 0.75
164 14 0.86
164 167 0.43
164 168 0.27
164 173 0.41
164 271 0.82
165 112 0.9
165 120 0.17
165 121 0.28
165 164 0.96
165 166 0.16
165 167 0.77
165 168 0.54
165 172 0.34
165 174 0.05
165 563 0.44
166 120 0.91
166 121 0.41
166 182 0.47
166 492 0.68
167 14 0.81
167 112 0.13
167 532 0.28
168 14 0.21
168 24 0.76
168 112 0.67
168 166 0.44
168 237 0.62
168 532 0.47
168 563 0.09
169 14 0.3
169 33 0.01
169 121 0.96
170 112 0.39
170 120 0.97
170 490 0.66
171 14 0.32
171 584 0.77
172 14 0.74
172 121 0.73
172 563 0.6
173 14 0.22
174 120 0.82
174 121 0.81
176 78 0.43
176 80 0.93
176 113 0.64
176 181 0.78
176 196 0.61
176 197 0.6
176 198 0.03
176 584 0.18
177 182 0.87
178 14 0.04
178 30 0.7
178 166 0.86
179 14 0.21
179 112 0.25
179 120 0.55
179 280 0.34
179 669 0.72
180 14 0.03
180 82 0.84
181 112 0.24
181 113 0.72
181 314 0.9
182 14 0.41
182 23 0.49
182 24 0.85
182 28 0.68
182 34 0.32
182 70 0.96
182 110 0.57
182 125 0.55
182 176 0.74
182 231 0.36
182 237 0.23
182 241 0.56
182 292 0.26
182 563 0.22
183 15 0.09
183 54 0.3
183 124 0.94
183 147 0.71
183 158 0.37
183 161 0.06
183 185 0.91
183 187 0.02
183 189 0.82
183 341 0.38
183 359 0.11
183 381 0.26
183 384 0.08
183 602 0.62
183 604 0.18
183 625 0.59
183 724 0.67
183 726 0.11
183 764 0.13
183 765 0.75
183 766 0.28
184 15 0.12
184 189 0.8
184 191 0.16
184 269 0.78
185 49 0.41
185 62 0.29
185 76 0.02
185 145 0.31
185 146 0.96
185 152 0.02
185 161 0.21
185 184 0.46
185 300 0.35
185 329 0.11
185 331 0.03
185 354 0.86
185 364 0.71
185 559 0.83
185 569 0.55
185 573 0.63
185 578 0.85
185 767 0.59
186 27 0.92
186 414 0.55
186 580 0.25
186 638 0.97
186 639 0.81
187 54 0.88
187 396 0.23
187 567 0.24
188 15 0.29
188 455 0.82
188 467 0.56
188 588 0.3
188 654 0.92
188 663 0.58
188 769 0.84
188 771 0.23
189 15 0.7
189 191 0.39
189 578 0.24
190 15 0.35
190 76 0.72
190 183 0.21
190 185 0.12
190 566 0.08
190 567 0.52
191 15 0.0
191 41 0.71
191 93 0.63
191 183 0.31
191 464 0.57
191 622 0.85
192 58 0.41
192 248 0.26
192 446 0.9
192 775 0.98
193 88 0.73
193 196 0.83
193 212 0.64
193 215 0.47
193 222 0.28
193 328 0.78
193 361 0.6
193 363 0.06
193 401 0.73
193 446 0.58
193 518 0.56
193 592 0.46
193 594 0.34
193 599 0.73
193 600 0.18
193 601 0.29
194 41 0.14
194 80 0.03
194 116 0.38
194 128 0.78
194 196 0.7
194 204 0.11
194 210 0.96
194 263 0.69
194 293 0.22
194 317 0.34
194 325 0.94
194 361 0.9
194 390 0.45
194 400 0.99
194 439 0.28
195 16 0.43
195 255 0.47
195 671 0.52
195 694 0.51
195 778 0.97
196 23 0.12
196 30 0.9
196 101 0.84
196 105 0.22
196 128 0.51
196 135 0.68
196 162 0.95
196 220 0.11
196 237 0.13
196 317 0.42
196 327 0.21
196 333 0.51
196 364 0.63
196 446 0.49
196 777 0.36
197 16 0.45
197 181 0.74
197 196 0.28
197 204 0.13
197 390 0.02
197 780 0.29
198 116 0.77
198 215 0.37
198 222 0.98
198 327 0.31
198 401 0.27
198 512 0.91
198 584 0.85
198 629 0.35
198 642 0.06
198 698 0.83
198 780 0.46
199 127 0.44
199 215 0.38
199 216 0.59
199 218 0.26
199 221 0.53
199 286 0.19
199 687 0.41
199 725 0.54
199 785 0.59
200 16 0.12
200 205 0.07
200 259 0.61
200 333 0.47
200 470 0.59
200 596 0.58
200 617 0.18
200 641 0.71
200 642 0.18
200 646 0.61
200 647 0.77
200 692 0.87
200 788 0.14
201 49 0.27
201 82 0.73
201 104 0.91
201 105 0.76
201 196 0.6
201 206 0.92
201 218 0.7
201 233 0.39
201 258 0.38
201 291 0.97
201 336 0.37
201 474 0.36
201 650 0.92
202 16 0.57
202 31 0.63
202 201 0.63
202 251 0.99
202 258 0.6
202 321 0.27
202 335 0.61
202 348 0.62
203 23 0.76
203 62 0.84
203 105 0.8
203 263 0.83
203 291 0.2
203 416 0.58
203 503 0.5
203 573 0.58
203 789 0.1
204 81 0.12
204 88 0.25
204 116 0.19
204 193 0.61
204 196 0.88
204 198 0.87
204 209 0.92
204 210 0.23
204 213 0.64
204 217 0.64
204 218 0.87
204 233 0.96
204 263 0.54
204 272 0.62
204 291 0.39
204 335 0.57
204 390 0.3
204 438 0.52
204 446 0.85
204 503 0.47
204 791 0.91
205 16 0.43
205 85 0.44
205 105 0.21
205 118 0.35
205 198 0.1
205 204 0.69
205 210 0.94
205 211 0.83
205 212 0.08
205 215 0.43
205 219 0.83
205 291 0.5
205 336 0.93
205 594 0.74
205 698 0.95
205 783 0.02
205 792 0.44
206 16 0.43
206 49 0.64
206 74 0.39
206 105 0.08
206 128 0.17
206 148 0.34
206 184 0.9
206 192 0.88
206 198 0.89
206 203 0.89
206 210 0.99
206 214 0.74
206 215 0.64
206 322 0.89
206 439 0.99
206 446 0.77
207 56 0.35
207 196 0.82
207 198 0.25
207 204 0.9
207 205 0.72
207 213 0.84
207 216 0.41
207 364 0.64
207 390 0.3
207 698 0.96
208 16 0.04
208 127 0.38
208 205 0.96
208 212 0.63
208 274 0.49
208 343 0.89
208 446 0.5
208 596 0.09
208 648 0.74
208 792 0.86
209 215 0.05
210 16 0.57
210 41 0.45
210 116 0.66
210 196 0.72
210 274 0.91
210 361 0.03
210 425 0.08
210 446 0.22
210 698 0.12
211 204 0.86
211 401 0.52
211 781 0.13
212 16 0.06
212 56 0.01
212 85 0.63
212 196 0.2
212 197 0.79
212 198 0.92
212 207 0.43
212 211 0.96
212 213 0.62
212 215 0.2
212 327 0.57
212 328 0.21
212 441 0.3
212 560 0.76
212 793 0.94
212 794 0.92
212 795 0.29
213 16 0.69
213 49 0.67
213 56 0.37
213 105 0.52
213 133 0.93
213 136 0.83
213 206 0.76
213 284 0.51
213 307 0.17
213 472 0.68
213 474 0.83
213 677 0.58
213 797 0.67
214 56 0.61
214 137 0.37
214 196 0.8
214 202 0.75
214 204 0.64
214 210 0.41
214 243 0.84
214 263 0.74
214 293 0.17
214 361 0.27
214 438 0.61
214 503 0.1
214 692 0.42
215 16 0.04
215 85 0.35
215 211 0.09
215 216 0.87
215 219 0.93
215 222 0.39
215 289 0.12
215 401 0.02
215 518 0.35
215 592 0.61
215 642 0.57
215 780 0.6
216 105 0.7
216 204 0.0
216 205 0.06
216 212 0.96
216 218 0.81
216 219 0.57
216 439 0.23
216 599 0.05
216 642 0.36
216 696 0.81
216 780 0.74
216 786 0.84
217 16 0.94
217 105 0.56
217 107 0.88
217 128 0.38
217 205 0.78
217 221 0.19
217 243 0.55
217 293 0.28
217 545 0.49
217 775 0.36
217 794 0.67
218 16 0.06
218 30 0.19
218 104 0.11
218 196 0.04
218 209 0.49
218 215 0.48
218 363 0.24
218 532 0.82
218 578 0.28
218 599 0.36
218 640 0.94
218 780 0.6
218 799 0.97
219 16 0.37
219 69 0.88
219 88 0.98
219 193 0.45
219 198 0.38
219 200 1.0
219 208 0.78
219 211 0.81
219 212 0.89
219 222 0.05
219 289 0.5
219 650 0.92
219 692 0.15
219 698 0.07
219 725 0.4
220 176 0.06
220 197 0.06
220 390 0.33
220 802 0.83
221 215 0.24
221 216 0.33
221 289 0.78
221 363 0.74
221 599 0.15
221 780 0.94
221 786 0.1
222 85 0.22
222 205 0.24
222 206 0.31
222 212 0.58
222 592 0.76
222 594 0.53
222 742 0.56
222 803 0.96
222 804 0.65
223 549 0.73
224 17 0.74
224 115 0.59
224 192 0.59
224 806 0.23
225 115 0.37
226 18 0.11
227 18 0.89
227 23 0.65
227 25 0.82
227 45 0.82
227 368 0.68
227 378 0.38
227 518 0.33
227 578 0.41
227 807 0.62
228 18 0.18
228 20 0.6
228 50 0.44
228 52 0.38
228 81 0.1
228 241 0.72
228 271 0.1
228 808 0.27
229 19 0.09
229 454 0.03
230 23 0.69
230 27 0.03
230 137 0.44
230 138 0.21
230 233 0.6
230 240 0.62
230 443 0.74
231 57 0.84
231 94 0.11
231 128 0.02
231 240 0.14
231 254 0.64
231 346 0.98
231 810 0.86
232 27 0.59
233 19 0.67
233 20 0.61
233 28 0.15
233 38 0.75
233 70 0.04
233 71 0.48
233 74 0.95
233 82 0.12
233 86 0.28
233 91 0.68
233 94 0.38
233 120 0.56
233 210 0.98
233 235 0.41
233 238 0.64
233 282 0.57
233 306 0.07
233 378 0.3
233 439 0.31
233 444 0.7
233 534 0.76
233 585 0.3
233 607 0.8
233 633 0.6
233 711 0.76
233 813 0.37
233 816 0.81
234 19 0.02
234 82 0.1
234 182 0.99
234 817 0.55
235 19 0.98
235 305 0.86
235 415 0.57
235 541 0.13
235 662 0.29
235 818 0.16
236 105 0.36
237 82 0.13
237 155 0.59
237 167 0.22
237 305 0.71
237 355 0.2
237 444 0.7
237 464 0.38
237 532 0.12
237 624 0.04
237 631 0.55
237 702 0.9
237 705 0.83
237 707 0.5
237 819 0.62
237 821 0.29
238 19 0.23
238 25 0.41
238 41 0.96
238 428 0.43
238 460 0.63
238 487 0.09
238 513 0.16
238 709 0.24
238 824 0.99
239 21 0.96
239 70 0.07
239 83 0.21
239 143 0.64
239 146 0.5
239 147 0.74
239 165 0.53
239 230 0.49
239 233 0.23
239 306 0.1
239 504 0.62
239 825 0.43
240 19 0.04
240 134 0.42
240 138 0.87
240 233 0.29
240 306 0.14
240 443 0.03
240 444 0.53
240 776 0.5
241 46 0.85
241 81 0.36
241 94 0.16
241 145 0.75
241 150 0.44
241 151 0.49
241 269 0.72
241 316 0.56
241 340 0.67
241 367 0.95
241 415 0.8
241 466 0.0
241 475 0.87
241 484 0.24
241 585 0.91
241 588 0.72
241 827 0.72
242 578 0.46
242 828 0.72
243 81 0.73
243 83 0.5
243 150 0.13
243 231 0.4
243 233 0.08
243 239 0.11
243 241 0.34
243 303 0.21
243 452 0.53
243 504 0.14
243 588 0.63
243 591 0.07
243 829 0.78
243 830 0.94
243 831 0.17
244 20 0.92
244 61 1.0
244 132 0.26
244 178 0.67
244 378 0.29
244 470 0.31
245 21 0.99
245 31 0.2
245 39 0.16
245 41 0.78
245 42 0.33
245 50 0.64
245 250 0.98
245 354 0.38
246 21 0.28
246 23 0.52
246 103 0.98
246 157 0.29
246 245 0.06
246 250 0.92
246 399 0.19
247 21 0.39
247 41 0.93
248 21 0.61
248 52 0.46
248 240 0.56
248 245 0.77
248 512 0.21
248 555 0.21
248 775 0.59
248 833 0.3
249 21 0.25
250 21 0.26
250 39 0.61
250 41 0.54
251 21 0.97
251 56 0.61
251 204 0.37
251 258 0.49
251 331 1.0
251 333 0.85
251 420 0.13
251 437 0.87
252 107 0.18
252 250 0.82
252 321 0.75
252 433 0.67
254 21 0.46
254 233 0.27
254 259 0.17
254 334 0.31
254 585 0.22
254 677 0.93
254 810 0.14
255 21 0.53
255 115 0.59
255 233 0.05
255 277 0.81
255 333 0.1
255 694 0.58
255 838 0.04
256 21 0.84
256 59 0.7
256 91 0.57
256 499 0.56
256 572 0.2
256 612 0.65
256 614 0.05
256 716 0.25
256 840 0.78
256 842 0.8
257 21 0.17
257 235 0.91
257 354 0.37
257 423 0.5
257 458 0.49
257 568 0.85
257 843 0.9
258 21 0.79
259 31 0.6
259 45 0.7
259 50 0.05
259 55 0.03
259 105 0.08
259 293 0.86
259 305 0.85
259 333 0.49
259 420 0.67
260 21 0.86
260 81 0.48
260 458 0.41
260 718 0.45
260 755 0.05
260 845 0.64
263 24 0.36
263 196 0.12
263 206 0.8
263 439 0.12
263 446 0.7
263 503 0.69
264 447 0.9
264 564 0.2
264 847 0.51
264 848 0.32
265 25 0.56
265 39 0.94
265 284 0.49
265 307 0.08
266 94 0.51
266 376 0.89
267 23 0.22
267 75 0.45
267 149 0.26
267 185 0.95
267 341 0.77
267 557 0.65
267 710 0.32
267 851 0.66
268 54 0.5
268 358 0.89
268 365 0.93
268 369 0.31
268 395 0.49
268 415 0.77
268 425 0.3
268 767 0.56
268 853 0.72
269 43 0.92
269 49 0.43
269 76 0.92
269 80 0.88
269 91 0.5
269 116 0.83
269 156 0.8
269 196 0.79
269 237 0.85
269 254 0.65
269 256 0.09
269 588 0.88
269 701 0.24
269 854 0.07
270 23 1.0
270 41 0.23
270 351 0.66
270 399 0.47
270 585 0.94
270 632 0.95
270 815 0.23
270 856 0.87
270 858 0.15
271 50 0.15
271 200 0.04
271 333 0.95
271 355 0.14
271 372 0.19
271 392 0.23
271 836 0.29
271 860 0.65
272 23 0.82
272 265 0.21
273 23 0.29
273 862 0.47
274 23 0.31
274 116 0.2
274 127 0.54
274 128 0.23
274 196 0.24
274 201 0.55
274 204 0.57
274 205 0.85
274 214 0.42
274 218 0.15
274 382 0.21
274 446 0.93
274 470 0.97
274 593 0.59
275 451 0.78
275 458 0.39
275 864 0.76
276 23 0.44
276 299 0.86
276 388 0.86
276 591 0.56
276 756 0.79
276 859 0.71
276 865 0.08
276 866 0.7
277 82 0.04
277 182 0.03
277 694 0.0
277 867 0.98
278 564 0.74
278 869 0.28
278 870 0.09
278 871 0.85
279 23 0.63
279 275 0.73
279 415 0.82
279 417 0.83
279 451 0.95
279 568 0.19
279 872 0.92
280 23 0.06
280 28 0.0
280 372 0.77
280 392 0.62
280 532 0.39
280 694 0.19
281 23 0.28
281 339 0.6
282 43 0.07
282 59 0.89
282 65 0.09
282 66 0.02
282 67 0.96
282 68 0.89
282 72 0.3
282 133 0.73
282 426 0.2
282 427 0.17
282 430 0.41
282 444 0.73
282 485 0.9
282 510 0.1
283 355 0.96
284 23 0.98
284 92 0.05
284 105 0.82
284 200 0.01
284 250 0.33
284 434 0.66
284 543 0.63
284 591 0.25
284 729 0.92
285 485 0.21
285 500 0.99
285 508 0.31
286 24 0.65
286 67 0.88
286 213 0.46
287 25 0.96
287 74 0.91
287 122 0.83
287 125 0.89
287 182 0.14
287 255 0.64
287 489 0.25
287 565 0.14
287 839 0.42
287 874 0.02
287 875 0.75
287 877 0.36
288 24 0.3
288 192 0.11
288 263 0.0
289 128 0.47
289 196 0.01
289 197 0.14
289 199 0.64
289 205 0.33
289 211 0.61
289 216 0.98
289 286 0.2
289 780 0.21
289 786 0.18
290 24 0.78
290 355 0.74
290 693 0.6
290 880 0.5
291 24 0.47
291 105 0.17
291 322 0.46
291 592 0.15
291 725 0.66
292 24 0.24
293 24 0.82
293 49 0.69
293 128 0.33
293 201 0.56
293 204 0.37
295 287 0.1
295 495 0.08
296 48 0.53
296 108 0.39
296 182 0.73
296 308 0.13
297 120 0.03
297 162 0.6
297 165 0.34
297 172 0.77
297 882 0.08
298 25 0.08
298 230 0.02
298 429 0.02
298 443 0.6
298 883 0.01
298 884 0.3
299 25 0.91
299 140 0.8
299 143 0.77
299 333 0.43
299 386 0.82
299 389 0.74
299 398 0.83
299 409 0.38
299 410 0.09
299 429 0.25
299 542 0.93
299 590 0.35
299 725 0.01
299 726 0.66
299 885 0.52
299 886 0.85
300 25 0.9
300 140 0.85
300 267 0.36
300 545 0.34
301 331 0.16
301 482 0.29
301 847 0.4
301 849 0.28
303 49 0.05
303 381 0.51
303 382 0.45
303 383 0.47
303 385 0.97
303 386 0.76
303 387 0.42
303 393 0.88
303 439 0.61
303 468 0.24
303 891 0.68
303 892 0.11
303 894 0.48
303 895 0.66
303 896 0.67
304 27 0.26
304 329 0.45
304 897 0.71
305 233 0.82
305 308 0.8
305 438 0.01
306 27 0.31
306 249 0.09
306 252 0.71
306 749 0.32
306 899 0.9
307 305 0.64
307 435 0.72
307 438 0.27
308 28 0.12
308 378 0.57
308 425 0.14
308 452 0.27
308 458 0.94
308 658 0.22
308 761 0.13
309 28 0.72
309 413 0.79
309 479 0.46
310 902 0.4
311 29 0.72
311 306 0.14
311 310 0.53
311 312 0.32
311 314 0.52
312 140 0.8
312 310 0.92
312 905 0.79
312 908 0.64
313 29 0.33
313 132 0.69
313 136 0.26
313 140 0.37
313 142 0.39
313 350 0.21
313 378 0.15
313 457 0.81
313 711 0.51
313 718 0.02
313 795 0.0
313 910 0.07
313 911 0.37
314 42 0.08
314 134 0.32
314 140 0.19
314 228 0.62
314 271 0.9
314 458 0.58
314 466 0.92
314 523 0.16
314 527 0.42
314 912 0.5
315 29 0.94
315 313 0.76
315 712 0.8
315 795 0.19
316 29 0.05
316 66 0.88
316 191 0.82
316 237 0.81
316 257 0.61
316 268 0.49
316 299 0.21
316 349 0.21
316 354 0.23
316 358 0.74
316 368 0.98
316 495 0.01
316 515 0.17
316 532 1.0
316 662 0.53
316 707 0.61
316 827 0.16
317 30 0.19
317 55 0.21
317 129 0.17
317 321 0.32
317 322 0.78
317 780 0.77
318 30 0.14
319 30 0.49
320 30 0.39
320 326 0.06
321 105 0.36
321 320 0.4
321 322 0.79
321 324 0.59
321 325 0.6
321 363 0.18
321 435 0.39
321 442 0.1
321 697 0.66
321 916 0.79
322 30 0.56
322 49 0.15
322 79 0.37
322 164 0.72
322 168 0.9
322 210 0.95
322 303 0.93
322 325 0.42
322 442 0.72
322 446 0.42
322 915 0.03
322 917 0.48
323 30 0.57
323 192 0.07
323 203 0.02
323 277 0.02
323 320 0.92
323 321 0.04
323 640 0.93
323 697 0.97
324 50 0.27
324 128 0.4
324 227 0.04
324 666 0.04
325 30 0.57
325 49 0.28
325 128 0.33
325 201 0.92
325 324 0.86
326 30 0.47
326 323 0.33
326 629 0.28
326 681 0.83
326 918 0.55
327 56 0.96
327 130 0.6
327 176 0.93
327 197 0.29
327 206 0.63
327 207 0.37
327 274 0.29
327 289 0.38
327 390 0.59
327 401 0.96
327 578 0.68
327 595 0.62
327 629 0.81
327 780 0.0
328 30 0.16
328 204 0.47
328 325 0.97
329 31 0.52
329 125 0.55
329 284 0.89
329 311 0.2
329 312 0.84
329 331 0.36
329 333 0.8
329 355 0.54
329 415 0.22
329 420 0.63
329 433 0.23
329 543 0.02
329 581 0.43
330 70 0.28
330 131 1.0
330 239 0.44
330 305 0.49
330 375 0.66
330 585 0.62
330 711 0.72
330 919 0.93
331 31 0.87
331 54 0.09
331 105 0.21
331 145 0.7
331 248 0.61
331 333 0.74
331 336 0.43
331 384 0.31
331 420 0.07
331 423 0.41
331 775 0.53
331 827 0.55
332 31 0.45
332 41 0.31
332 44 0.66
332 48 0.53
332 84 0.62
332 120 0.39
332 140 0.42
332 143 0.04
332 146 0.86
332 203 0.88
332 243 0.14
332 299 0.16
332 329 0.99
332 381 0.33
332 386 0.28
332 393 0.07
332 396 0.19
332 412 0.33
332 504 0.76
332 543 0.25
332 591 0.53
332 724 0.97
332 730 0.92
332 893 0.86
333 31 0.63
333 50 0.68
333 81 0.16
333 104 0.02
333 112 0.48
333 140 0.41
333 157 0.65
333 276 0.8
333 337 0.1
333 364 0.95
333 381 0.21
333 390 0.71
333 410 0.37
333 457 0.04
333 466 0.1
333 532 0.56
333 545 0.87
333 574 0.5
333 641 0.74
333 658 0.92
333 743 0.91
333 870 0.13
333 921 0.71
334 41 0.3
334 231 0.06
334 354 0.09
334 608 0.78
334 612 0.28
334 634 0.69
334 810 0.65
334 924 0.82
335 52 0.59
335 56 0.32
335 157 0.45
335 201 0.81
335 218 0.27
335 245 0.08
335 251 0.9
335 329 0.49
335 333 0.74
335 420 0.58
335 532 0.12
335 543 0.14
335 650 0.85
335 926 0.62
336 31 0.32
336 291 0.18
336 322 0.23
336 333 0.22
336 469 0.78
337 31 0.65
337 468 0.95
337 778 0.33
337 927 0.11
338 42 0.92
338 51 0.19
338 134 0.25
338 254 0.96
338 429 0.04
338 587 0.31
339 31 0.55
339 308 0.7
339 316 0.5
339 331 0.38
339 340 0.85
339 344 0.66
339 576 0.68
339 928 0.7
340 52 0.39
340 228 0.51
340 237 0.96
340 268 0.47
340 354 0.19
340 365 0.09
340 658 0.45
340 846 0.68
341 32 0.22
341 62 0.31
341 76 0.05
341 303 0.35
341 357 0.85
341 364 0.47
341 371 0.85
341 380 0.26
341 382 0.55
341 384 0.89
341 385 0.11
341 413 0.33
341 416 0.23
341 512 0.24
341 571 0.91
341 573 0.44
341 578 0.89
341 890 0.94
341 891 0.64
341 908 0.25
342 34 0.92
342 881 0.06
343 400 0.71
343 446 0.95
343 698 0.6
344 38 0.03
344 116 0.44
344 181 0.46
344 549 0.74
344 568 0.84
344 677 0.02
345 350 0.83
346 54 0.81
346 254 0.88
346 287 0.27
346 368 0.3
346 418 0.09
347 590 0.03
347 743 0.85
347 748 0.44
347 941 0.13
347 942 0.33
347 944 0.17
347 945 0.13
348 258 0.1
348 315 0.58
348 585 0.4
349 38 0.35
349 45 0.57
349 69 0.92
349 140 0.03
349 947 0.23
351 46 0.47
351 52 0.66
351 72 0.04
351 163 0.7
351 368 0.02
351 554 0.78
351 632 0.34
351 687 0.25
351 829 0.57
352 38 0.5
352 455 0.98
352 562 0.53
352 588 0.95
352 654 0.56
352 660 0.02
352 769 0.11
353 38 0.64
353 41 0.93
353 275 0.97
354 39 0.07
354 41 0.59
354 46 0.61
354 50 0.09
354 51 0.88
354 54 0.78
354 75 0.48
354 140 0.25
354 141 0.96
354 142 0.43
354 146 0.04
354 147 0.07
354 268 0.62
354 338 0.61
354 339 0.75
354 356 0.94
354 399 0.32
354 415 0.43
354 505 0.74
354 767 0.79
355 112 0.21
355 224 0.66
355 255 0.74
355 273 0.05
355 356 0.77
355 416 0.36
355 468 0.03
355 489 0.87
355 495 0.04
355 668 0.79
355 671 0.55
355 693 0.99
355 874 0.99
355 956 0.4
355 957 0.89
355 958 0.57
356 39 0.09
356 271 0.95
356 337 0.79
356 347 0.62
356 389 0.79
356 399 0.53
356 414 0.0
356 468 0.86
356 552 0.97
356 591 0.41
356 724 0.02
356 725 0.4
356 945 0.29
357 39 0.67
357 355 0.06
358 106 0.75
358 308 0.32
358 354 0.32
358 378 0.8
358 452 0.64
358 515 0.31
358 548 0.1
358 707 0.46
358 750 0.2
358 769 0.7
359 40 0.26
359 521 0.61
359 711 1.0
360 40 0.13
360 361 0.31
360 472 0.94
361 80 0.26
361 166 0.75
361 196 0.03
361 201 0.66
361 204 0.98
361 206 0.17
361 400 0.5
361 436 0.23
361 796 0.22
362 40 0.29
362 137 0.33
362 146 0.81
362 155 0.72
362 246 0.51
362 268 0.23
362 340 0.31
362 349 0.09
362 466 0.91
362 963 0.12
363 40 0.31
363 49 0.77
363 199 0.57
363 215 0.37
363 325 0.85
363 328 0.74
363 441 0.99
363 786 0.72
364 144 0.3
364 148 0.79
364 213 0.48
364 472 0.72
365 354 0.55
365 954 0.79
366 40 0.03
366 213 0.05
366 350 0.8
367 48 0.76
367 115 0.63
367 125 0.45
367 183 0.68
367 250 0.78
367 255 0.81
367 287 0.81
367 355 0.68
367 468 0.39
367 470 0.93
367 495 0.82
367 838 0.13
367 964 0.85
367 965 0.86
368 50 0.55
368 51 0.51
368 134 0.65
368 262 0.21
368 268 0.09
368 334 0.33
368 339 0.91
368 354 0.72
368 369 0.43
368 392 0.02
368 660 0.22
368 864 0.79
368 962 0.86
369 72 0.33
369 257 0.69
369 358 0.0
369 365 0.9
369 579 0.76
369 954 0.76
370 41 0.83
370 609 0.0
371 41 0.72
371 146 0.95
371 185 0.79
371 203 0.18
371 300 0.36
371 354 0.43
372 42 0.97
372 134 0.53
372 279 0.29
372 324 0.09
372 333 0.15
372 368 0.33
372 378 0.16
372 538 0.18
372 730 0.98
373 46 0.67
373 68 0.54
373 72 0.62
373 243 0.17
373 704 0.44
374 41 0.51
375 346 0.18
375 391 0.85
376 41 0.81
376 73 0.88
376 96 0.96
376 137 0.5
376 234 0.32
376 334 0.81
376 403 0.79
376 421 0.38
376 457 0.99
376 606 0.06
376 610 0.79
376 630 0.46
376 734 0.59
376 872 0.36
376 969 0.12
376 970 0.75
376 971 0.64
377 41 0.15
377 155 0.64
377 262 0.59
377 429 0.35
377 973 0.9
378 41 0.42
378 73 0.04
378 86 0.62
378 204 0.22
378 270 0.65
378 275 0.65
378 316 0.59
378 330 0.2
378 376 0.59
378 389 0.76
378 390 0.96
378 413 0.58
378 585 0.48
378 588 0.42
378 661 0.84
378 662 0.05
378 713 0.5
378 750 0.11
378 753 0.72
378 975 0.59
379 248 0.63
379 659 0.69
379 833 0.27
380 42 0.28
380 303 0.25
380 387 0.66
381 82 0.26
381 380 0.57
381 382 0.66
381 383 0.41
381 386 0.72
381 387 0.83
381 413 0.77
381 504 0.27
381 784 0.32
382 42 0.33
382 380 0.31
382 384 0.91
382 578 0.54
382 890 0.18
382 936 0.81
382 977 0.19
383 332 0.29
383 337 0.83
383 357 0.35
383 382 0.48
383 384 0.29
384 303 0.53
384 329 0.49
384 333 0.11
384 381 0.76
384 385 0.48
384 386 0.86
384 409 0.44
384 784 0.08
384 891 0.16
385 380 0.95
385 381 0.02
385 382 0.22
385 386 0.32
385 726 0.2
385 784 0.82
385 896 0.18
386 42 0.88
386 44 0.3
386 382 0.2
386 383 0.82
386 504 0.49
387 135 0.79
387 382 0.5
387 383 0.76
387 384 0.09
387 385 0.24
387 386 0.38
387 591 0.44
388 83 0.48
388 396 0.52
388 404 0.07
388 833 0.17
388 859 0.32
389 185 0.84
389 332 0.46
389 341 0.04
389 396 0.34
389 542 0.2
389 552 0.85
389 633 0.09
389 756 0.12
389 788 0.07
389 884 0.21
389 885 0.03
389 887 0.66
389 888 0.11
389 978 0.68
390 42 0.8
390 105 0.3
390 176 0.31
390 196 0.83
390 205 0.57
390 216 0.36
390 274 0.81
390 322 0.51
390 786 0.8
390 802 0.88
391 42 0.17
391 378 0.65
391 418 0.02
391 657 0.64
391 752 0.9
391 979 0.49
392 241 0.26
392 248 0.88
392 300 0.53
392 353 0.99
392 355 0.4
392 356 0.67
392 538 0.89
392 846 0.83
392 902 0.48
392 980 0.73
393 42 0.57
393 58 0.36
393 183 0.31
393 276 0.13
393 284 0.39
393 299 0.99
393 305 0.6
393 341 0.39
393 381 0.59
393 384 0.04
393 385 0.14
393 443 0.44
393 504 0.91
393 730 0.63
393 892 0.23
393 893 0.19
393 920 0.16
393 976 0.99
393 982 0.35
395 370 0.66
395 661 0.58
395 752 0.69
395 767 0.97
395 846 0.57
396 42 0.47
396 72 0.15
396 76 0.3
396 90 0.42
396 147 0.64
396 153 0.14
396 243 0.88
396 299 0.04
396 315 0.63
396 412 0.08
396 724 0.22
396 743 0.79
396 747 0.49
396 748 0.34
396 756 0.5
396 890 0.19
396 943 0.74
396 944 0.31
396 986 0.14
397 42 0.4
397 313 0.74
397 376 0.43
397 421 0.7
397 457 0.46
398 42 0.49
398 85 0.16
398 271 0.39
398 942 0.0
398 958 0.83
398 976 0.27
399 46 0.99
399 202 0.95
399 228 0.06
399 346 0.83
399 701 0.1
399 840 0.5
399 960 0.95
400 79 0.68
400 80 0.08
400 206 0.66
400 210 0.75
400 322 0.77
400 574 0.85
400 581 0.27
401 80 0.67
401 162 0.03
401 205 0.7
401 212 0.34
401 219 0.06
401 289 0.65
401 698 0.33
401 699 0.02
401 798 0.58
401 802 0.45
402 355 0.48
402 657 0.38
402 905 0.07
403 468 0.3
403 545 0.81
403 578 0.18
403 968 0.79
404 104 0.27
404 150 0.77
404 209 0.22
404 210 0.89
404 228 0.38
404 271 0.8
404 313 0.29
404 573 0.01
404 990 0.01
405 43 0.32
405 81 0.66
405 240 0.92
405 429 0.4
406 44 0.03
406 407 0.6
407 332 0.9
407 356 0.69
407 384 0.27
407 552 0.74
407 991 0.49
407 992 0.27
408 406 0.34
408 407 0.39
408 409 0.37
408 775 0.12
408 908 0.23
409 44 0.15
409 316 0.15
409 337 0.34
409 410 0.47
409 591 0.38
409 705 0.24
409 726 0.37
409 729 0.97
410 44 0.3
410 143 0.8
410 227 0.55
410 356 0.9
410 389 0.58
410 396 0.34
410 407 0.99
410 413 0.65
410 431 0.33
410 726 0.89
410 892 0.36
410 937 0.05
410 993 0.83
411 44 0.89
411 407 0.42
411 409 0.82
411 410 0.66
411 773 0.85
412 590 0.65
412 724 0.2
412 745 0.63
412 943 0.93
413 44 0.68
413 137 0.35
413 276 0.65
413 389 0.73
413 412 0.36
413 590 0.3
413 724 0.82
414 46 0.43
414 105 0.67
414 276 0.2
414 293 0.29
414 300 0.04
414 749 0.62
415 275 0.81
415 316 0.69
415 344 0.53
415 368 0.21
415 452 0.52
415 535 0.14
415 549 0.66
415 662 0.5
415 705 0.26
415 827 0.7
415 914 0.46
416 45 0.96
416 145 0.4
416 185 0.67
416 357 0.58
416 371 0.5
416 573 0.14
417 45 0.2
417 370 0.89
417 376 0.6
417 612 0.47
417 750 0.06
418 45 0.01
418 155 0.2
418 242 0.55
418 260 0.32
418 484 0.9
418 523 0.11
418 755 0.39
418 994 0.85
419 45 0.81
419 808 0.38
420 57 0.16
420 73 0.79
420 77 0.85
420 105 0.74
420 284 0.15
420 333 0.8
420 574 0.64
420 775 0.69
422 45 0.55
422 564 0.35
423 45 0.34
423 72 0.26
423 997 0.28
425 106 0.37
425 358 0.75
425 430 0.42
425 817 0.92
425 840 0.34
426 46 0.54
426 57 0.36
426 69 0.82
426 72 0.79
426 90 0.2
427 46 0.61
427 476 0.65
427 507 0.74
427 517 0.6
427 908 0.85
427 998 0.35
427 1000 0.46
428 46 0.69
429 46 0.67
429 71 0.75
429 122 0.82
429 125 0.58
429 128 0.0
429 186 0.75
429 214 0.26
429 250 0.11
429 284 0.87
429 321 0.63
429 373 0.64
429 376 0.77
429 454 0.08
429 884 0.1
429 898 0.09
429 1001 0.65
430 59 0.18
430 67 0.8
430 68 0.34
430 485 0.0
430 499 0.7
430 500 0.61
430 510 0.42
431 243 0.96
431 299 0.27
431 332 0.84
431 389 0.98
431 409 0.6
431 756 0.68
431 892 0.76
431 904 0.3
432 362 0.43
432 822 0.38
432 860 0.72
432 963 0.53
432 1005 0.19
433 47 0.42
433 331 0.97
433 337 0.92
433 802 0.19
433 927 0.19
434 48 0.66
434 159 0.04
434 239 0.95
434 271 0.42
434 299 0.95
434 332 0.95
434 333 0.62
434 389 0.25
434 396 0.18
434 402 0.0
434 404 0.93
434 409 0.64
434 410 0.18
434 414 0.54
434 542 0.84
434 724 0.73
434 748 0.38
434 884 0.55
434 885 0.87
434 993 0.44
435 49 0.2
435 116 0.38
435 128 0.51
435 691 0.6
436 49 0.46
436 401 0.22
437 49 0.1
437 56 0.7
437 105 0.21
437 130 0.21
437 213 0.46
437 274 0.74
438 201 0.26
438 314 0.37
438 322 0.43
439 196 0.05
439 210 0.21
439 218 0.6
439 274 0.98
439 322 0.09
439 393 0.55
439 437 0.91
439 650 0.21
439 1006 0.14
440 49 0.18
440 240 0.54
441 118 0.67
441 198 0.81
441 297 0.7
441 401 0.95
441 517 0.03
441 584 0.93
441 698 0.66
441 806 0.14
442 49 0.79
443 137 0.74
443 142 0.71
443 248 0.79
443 504 1.0
443 749 0.85
443 775 0.82
443 809 0.44
444 50 0.45
444 91 0.51
444 440 0.1
444 443 0.59
445 51 0.2
445 134 0.24
445 348 0.65
445 377 0.03
445 461 0.51
445 568 0.75
445 586 0.4
446 105 0.56
446 205 0.67
446 291 0.25
446 390 0.85
446 915 0.73
447 51 0.53
447 73 0.95
447 238 0.95
447 422 0.73
447 475 0.36
447 484 0.21
447 564 0.39
447 824 0.76
447 996 0.97
448 51 0.76
448 134 0.6
448 445 0.63
449 51 0.28
449 456 0.11
451 51 0.59
451 445 0.56
451 500 0.69
451 507 0.18
451 1008 0.17
452 81 0.42
452 235 0.29
452 241 0.47
452 268 0.7
452 369 0.86
452 455 0.1
452 515 0.3
452 588 0.74
452 652 0.04
452 654 0.1
452 657 0.23
452 662 0.5
452 663 0.04
452 914 0.53
452 1009 0.87
452 1010 0.72
452 1011 0.59
453 238 0.93
454 54 0.86
454 81 0.03
454 89 0.77
454 95 0.88
454 137 0.51
454 189 0.56
454 191 0.52
454 376 0.32
454 378 0.74
454 464 0.59
454 598 0.01
454 603 0.22
454 604 0.04
454 621 0.98
454 622 0.64
454 624 0.69
454 821 0.82
454 1012 0.28
454 1013 0.42
455 52 0.88
455 515 0.69
455 654 0.91
455 660 0.26
456 235 0.22
456 241 0.32
456 308 0.64
456 452 0.97
456 761 0.07
456 1009 0.82
457 94 0.79
457 96 0.73
457 135 0.21
457 315 0.6
457 334 0.0
457 417 0.72
457 468 0.02
458 235 0.33
458 276 0.4
458 391 0.01
458 548 0.54
458 707 0.92
458 840 0.12
458 1001 0.64
458 1015 0.46
459 450 0.63
459 700 0.33
459 701 0.14
459 842 0.71
459 980 0.19
459 1019 0.26
460 52 0.72
460 82 0.84
460 419 0.97
460 429 0.68
460 477 0.42
460 484 0.26
460 533 0.09
460 1021 0.84
460 1022 0.21
460 1025 0.46
460 1026 0.09
460 1027 0.32
462 818 0.58
462 990 0.2
462 1028 0.93
463 54 0.81
464 89 0.34
464 189 0.29
464 625 0.16
464 774 0.02
464 1029 0.56
465 602 0.63
466 74 0.81
466 76 0.98
466 187 0.88
466 344 0.77
466 396 0.47
466 523 0.94
466 638 0.4
467 54 0.81
467 73 0.78
467 106 0.92
467 352 0.06
467 372 0.06
467 378 0.44
467 468 0.58
467 470 0.06
467 660 0.8
467 770 0.82
467 819 0.39
468 55 0.57
468 105 0.81
468 208 0.99
468 315 0.44
468 397 0.45
468 434 0.52
468 446 0.31
468 489 0.02
468 558 0.44
468 573 0.61
468 836 0.12
468 912 0.65
468 965 0.36
469 118 0.35
470 61 0.64
470 132 0.54
470 333 0.36
470 356 0.27
470 501 0.45
470 810 0.23
471 460 0.04
471 545 0.25
471 757 0.19
471 1034 0.57
472 56 0.2
472 196 0.8
472 204 0.03
472 212 0.98
472 219 0.78
472 259 0.7
473 196 0.14
473 207 0.13
474 56 0.74
474 202 0.44
475 57 0.05
475 65 0.47
475 709 0.24
475 849 0.7
475 1007 0.71
476 65 0.93
476 480 0.06
476 757 0.32
477 447 0.16
477 483 0.86
477 486 0.84
477 933 0.93
477 996 0.43
478 57 0.6
479 57 0.62
479 480 0.01
479 554 0.15
480 875 0.78
480 996 0.35
480 1037 0.33
481 57 0.01
481 65 0.91
481 131 0.65
481 134 0.85
481 479 0.68
481 554 0.94
481 706 0.04
481 709 0.96
481 1038 0.04
481 1039 0.25
482 57 0.28
482 447 0.94
482 868 0.87
483 57 0.79
483 65 0.74
483 475 0.29
483 480 0.27
483 484 0.09
483 491 0.7
483 497 0.28
483 607 0.99
483 709 0.9
483 995 0.52
483 1022 0.71
483 1035 0.62
483 1041 0.49
484 339 0.55
484 453 0.12
484 709 0.49
484 870 0.5
484 871 0.3
484 995 0.9
485 57 0.28
485 60 0.68
485 64 0.01
485 90 0.23
485 476 0.43
486 57 0.64
486 419 0.12
486 460 0.87
486 483 0.05
486 484 0.92
486 513 0.82
486 565 0.69
486 848 0.92
486 1023 0.15
486 1036 0.6
487 57 0.26
487 134 0.12
487 460 0.32
487 481 0.49
487 483 0.15
487 757 0.02
487 1045 0.65
488 58 0.65
489 58 0.95
489 163 0.12
489 195 0.34
489 255 0.13
489 333 0.49
489 344 0.57
489 367 0.37
489 495 0.18
489 675 0.76
489 689 0.14
489 874 0.85
490 58 0.17
490 67 0.52
491 67 0.04
491 490 0.29
491 517 0.75
491 607 0.85
491 1041 0.3
494 58 0.86
495 223 0.74
495 224 0.43
495 283 0.61
495 290 0.77
497 430 0.44
497 491 0.73
497 1041 0.03
498 59 0.25
498 499 0.14
498 700 0.64
499 483 0.45
500 68 0.53
500 69 0.2
500 427 0.45
500 470 0.42
500 506 0.53
500 507 0.91
500 508 0.17
500 537 0.52
500 607 0.03
501 104 0.5
501 171 0.42
501 217 0.35
501 244 0.79
501 273 0.82
501 353 0.96
501 355 0.89
501 438 0.38
501 549 0.64
501 638 0.27
501 821 0.12
502 61 0.02
503 62 0.52
503 105 0.46
503 192 0.65
503 237 0.81
503 267 0.64
503 337 0.85
503 371 0.8
503 573 0.37
503 651 0.67
504 62 0.42
504 74 0.02
504 140 0.72
504 143 0.46
504 299 0.19
504 383 0.49
504 396 0.75
504 434 0.17
504 549 0.48
504 724 0.82
504 726 0.92
504 892 0.02
504 895 0.08
504 920 0.6
505 62 0.98
505 74 0.36
505 140 0.89
505 503 0.03
505 573 0.12
505 741 0.56
506 64 0.57
506 285 0.27
506 525 0.33
507 63 0.42
507 90 0.1
507 415 0.96
507 517 0.67
507 540 0.2
507 562 0.51
507 890 0.8
507 942 0.17
508 63 0.31
508 427 0.43
508 476 0.44
508 485 0.69
508 509 0.2
508 511 0.19
509 63 0.1
509 427 0.64
509 506 0.1
509 507 0.39
509 712 0.11
509 1050 0.52
510 64 0.46
510 68 0.86
510 72 0.43
510 90 0.56
510 485 0.99
511 65 0.42
511 68 0.1
511 72 0.05
512 809 0.83
512 833 0.38
512 834 0.78
512 896 0.58
512 992 0.51
513 333 0.85
513 419 0.2
513 460 0.43
513 471 0.7
513 808 0.0
513 848 0.17
513 1034 0.03
514 1052 0.65
516 67 0.92
517 67 0.2
517 320 0.97
518 85 0.93
518 532 0.28
518 599 0.1
518 600 0.39
518 601 0.75
520 137 0.99
520 305 0.94
520 429 0.26
521 470 0.99
521 509 0.23
521 529 0.11
521 765 0.62
522 483 0.77
522 491 0.72
522 607 0.39
523 69 0.76
523 349 0.65
523 362 0.21
523 528 0.75
523 546 0.45
523 570 0.8
523 822 0.94
523 1053 0.72
524 69 0.52
524 135 0.42
525 69 0.94
527 69 0.48
527 529 0.04
527 558 0.27
527 1054 0.98
528 73 0.92
528 226 0.15
528 549 0.97
529 903 0.95
530 70 0.01
530 950 0.4
531 70 0.65
531 881 0.11
532 117 0.84
532 120 0.93
532 182 0.48
532 227 0.85
532 355 0.56
532 367 0.02
532 654 0.9
532 680 0.01
532 687 0.97
532 831 0.25
532 1055 0.61
533 71 0.83
533 136 0.45
533 757 0.3
534 72 0.63
534 308 0.99
535 72 0.04
536 131 0.5
538 353 0.06
538 415 0.15
538 451 0.76
538 1057 0.25
539 443 0.32
539 500 0.88
540 150 0.28
540 285 0.1
540 411 0.57
540 434 0.84
541 308 0.02
541 344 0.58
541 549 0.01
541 1009 0.56
542 72 0.27
542 284 0.18
542 329 0.59
542 396 0.31
542 410 0.4
542 726 0.59
542 886 0.36
543 122 0.16
543 331 0.27
543 333 0.51
543 356 0.54
543 384 0.52
543 410 0.42
543 420 0.05
543 429 0.82
543 433 0.96
543 558 0.42
543 709 0.86
543 1034 0.1
544 73 0.47
544 362 0.91
545 73 0.84
545 105 0.88
545 122 0.94
545 200 0.77
545 339 0.69
545 465 0.25
545 641 0.38
545 709 0.01
545 721 0.98
546 429 0.02
546 569 0.62
546 1053 0.62
547 73 0.64
547 291 0.18
549 181 0.35
549 186 0.01
549 466 0.16
549 467 0.84
549 484 0.84
549 660 0.61
549 765 0.44
549 816 0.87
549 831 0.8
550 74 0.74
551 183 0.75
551 308 0.81
551 346 0.76
551 549 0.46
551 765 0.31
552 74 0.28
552 299 0.09
552 381 0.24
552 396 0.93
552 411 0.47
552 412 0.64
552 413 0.84
552 434 0.35
552 438 0.2
552 468 0.44
552 504 0.97
552 542 0.1
552 571 0.9
552 590 0.14
552 726 0.57
552 729 0.47
552 730 0.61
552 788 0.05
552 884 0.73
552 885 0.49
552 887 0.04
553 568 0.18
553 663 0.77
553 853 0.98
553 1061 0.4
554 101 0.54
554 278 0.52
554 339 0.69
554 422 0.77
554 429 0.81
554 460 0.51
554 475 0.8
554 564 0.08
554 709 0.4
554 824 0.52
554 849 0.43
554 868 0.27
554 869 0.96
554 928 0.08
554 1007 0.47
555 74 0.97
555 124 0.74
555 221 0.3
555 312 0.37
555 592 0.2
555 687 0.29
555 775 0.83
555 833 0.55
555 1063 0.75
556 144 0.34
556 267 0.89
557 75 0.69
557 721 0.55
558 314 0.67
558 333 0.38
558 529 0.44
558 903 0.06
559 75 0.76
559 152 0.83
559 741 0.29
560 1064 0.22
561 75 0.42
561 860 0.9
561 912 0.02
561 1066 0.61
562 188 0.78
562 316 0.14
562 500 0.71
562 654 0.58
562 660 0.71
562 677 0.33
562 769 0.28
563 76 0.42
563 121 0.24
564 238 0.62
564 331 0.88
564 333 0.29
564 344 0.97
564 419 0.69
564 453 0.36
564 460 0.73
564 478 0.73
564 479 0.49
564 481 0.14
564 483 0.82
564 484 0.48
564 487 0.5
564 513 0.29
564 549 0.0
564 578 0.26
564 848 0.53
564 869 0.72
564 996 0.51
565 339 0.39
565 554 0.31
565 1038 0.86
566 183 0.52
566 882 0.38
567 87 0.52
567 183 0.99
567 566 0.68
568 94 0.63
568 135 0.19
568 235 0.29
568 268 0.73
568 322 0.63
568 353 0.53
568 415 0.38
568 549 0.72
568 562 0.86
568 656 0.77
568 660 0.46
569 110 0.43
569 124 0.5
569 669 0.16
570 76 0.95
571 299 0.07
571 389 0.22
571 396 0.46
571 434 0.53
571 595 0.58
571 886 0.79
571 888 0.59
572 184 0.96
572 399 0.47
572 659 0.45
573 76 0.86
573 148 0.74
573 190 0.88
573 267 0.94
573 300 0.9
573 354 0.96
573 556 0.35
573 557 0.92
573 710 0.56
573 851 0.07
574 77 0.21
574 92 0.08
576 79 0.5
577 79 0.09
578 80 0.44
578 142 0.97
578 188 0.79
578 211 0.94
578 353 0.62
578 384 0.02
578 454 0.6
578 521 0.48
578 524 0.15
578 562 0.63
578 604 0.64
578 656 0.77
578 659 0.91
578 715 0.61
578 811 0.79
578 866 0.2
578 1069 0.82
578 1070 0.98
578 1071 0.24
579 80 0.83
579 184 0.69
579 844 0.23
581 543 0.92
581 545 0.74
582 80 0.48
582 101 0.82
583 80 0.17
584 80 0.61
584 162 0.74
584 177 0.97
584 289 0.94
584 297 0.21
584 327 0.67
584 390 0.33
584 401 0.44
584 780 0.8
584 806 0.76
585 81 0.47
585 131 0.52
585 134 0.36
585 137 0.29
585 237 0.47
585 246 0.86
585 377 0.62
585 663 0.47
585 677 0.42
585 700 0.73
585 983 0.48
586 81 0.29
586 134 0.91
586 135 0.45
586 155 0.73
586 202 0.51
586 356 0.84
587 81 0.46
588 81 0.48
588 445 0.53
588 455 0.89
588 467 0.68
588 562 0.39
588 655 0.09
588 656 0.53
588 660 0.88
588 687 0.78
588 770 0.72
588 819 0.75
588 1073 0.34
589 187 0.37
590 83 0.03
590 153 0.99
590 233 0.74
590 239 0.95
590 298 0.38
590 356 0.0
590 724 0.11
590 730 0.45
590 744 0.72
590 747 0.65
590 940 0.1
590 945 0.08
590 946 0.94
591 84 0.58
591 142 0.22
591 239 0.24
591 381 0.8
591 388 0.15
591 590 0.57
591 724 0.41
591 725 0.22
591 726 0.3
591 744 0.91
591 746 0.8
591 945 0.66
592 219 0.45
592 327 0.61
592 518 0.19
592 594 0.74
592 595 0.65
592 650 0.11
592 725 0.61
592 895 0.85
593 85 0.96
593 382 0.36
593 745 0.15
593 1075 0.0
593 1076 0.97
594 85 0.62
594 88 0.94
594 198 0.64
594 204 0.09
594 215 0.19
594 274 0.97
594 446 0.05
594 518 0.08
594 599 0.09
594 648 0.64
594 695 0.16
595 85 0.82
595 219 0.2
595 725 0.85
596 85 0.98
596 209 0.65
597 94 0.81
598 86 0.46
598 94 0.78
598 135 0.24
598 266 0.67
598 279 0.06
598 568 0.78
598 597 0.79
598 603 0.56
598 621 0.45
599 88 0.01
599 196 0.87
599 317 0.23
599 601 0.99
599 780 0.81
600 594 0.71
600 742 0.79
600 965 0.93
601 88 0.73
601 594 0.98
601 1046 0.27
602 93 0.49
602 189 0.05
602 622 0.14
602 623 0.33
603 89 0.39
603 90 0.45
603 186 0.95
603 338 0.43
603 458 0.54
603 464 0.33
603 578 0.45
603 630 0.82
604 89 0.19
605 90 0.19
605 418 0.01
605 485 0.5
606 135 0.64
607 497 0.33
607 507 0.09
607 508 0.15
608 90 0.98
608 376 0.64
609 90 0.08
609 421 0.04
610 432 0.96
610 822 0.86
610 967 0.43
610 1078 0.1
611 91 0.94
611 315 0.89
611 348 0.11
611 578 0.03
611 1001 0.31
612 91 0.81
612 376 0.99
612 533 0.34
612 572 0.96
612 610 0.94
612 968 0.9
612 985 0.65
612 1080 0.23
612 1082 0.26
612 1084 0.07
613 91 0.61
613 230 0.88
614 103 0.22
614 131 0.61
614 269 0.12
614 611 0.63
614 854 0.79
616 92 0.57
617 92 0.92
617 543 0.11
617 1085 0.72
619 92 0.31
620 92 0.45
620 270 0.05
620 336 0.69
621 603 0.33
621 604 0.12
621 737 0.71
622 93 0.08
622 189 0.61
622 1013 0.38
623 189 0.45
623 454 0.08
623 598 0.59
623 622 0.88
624 93 0.33
624 464 0.28
625 454 0.82
625 677 0.39
626 464 0.39
627 98 0.95
629 93 0.95
629 207 0.16
629 218 0.28
629 640 0.82
629 683 0.82
630 94 0.47
630 872 0.24
632 94 0.32
632 429 0.28
632 458 0.91
632 461 0.71
632 491 0.38
633 143 0.08
633 237 0.12
633 243 0.63
633 730 0.12
634 96 0.99
634 376 0.6
634 608 0.99
634 924 0.01
634 969 0.81
636 434 0.35
636 627 0.29
636 737 0.4
638 101 0.9
638 338 0.81
638 586 0.2
639 103 0.9
640 104 0.95
640 440 0.47
641 129 0.11
641 446 0.94
641 642 0.91
641 646 0.36
642 210 0.14
643 105 0.82
643 129 0.27
643 200 0.41
643 501 0.86
643 641 0.89
643 642 0.41
644 105 0.67
645 105 0.1
645 200 0.45
645 641 0.01
645 643 0.79
646 408 0.66
647 198 0.1
647 221 0.5
647 783 0.39
647 787 0.31
648 116 0.98
648 205 0.16
648 378 0.21
648 695 0.83
648 792 0.09
649 105 0.48
649 158 0.6
649 194 0.37
649 199 0.53
649 468 0.66
649 660 0.84
650 105 0.85
650 214 0.9
650 698 0.04
651 105 0.55
652 415 0.13
653 853 0.33
654 279 0.71
654 467 0.1
654 588 0.93
654 598 0.62
654 656 0.15
654 770 0.27
655 106 0.28
656 106 0.61
656 352 0.25
656 452 0.41
656 769 0.69
657 106 0.71
657 268 0.69
657 752 0.82
657 825 0.09
658 106 0.23
658 987 0.54
658 1089 0.61
659 256 0.55
659 268 0.65
659 425 0.1
659 853 0.55
660 106 0.88
660 188 0.3
660 233 0.08
660 257 0.61
660 344 0.92
660 423 0.57
660 501 0.9
660 564 0.04
660 654 0.98
660 677 0.82
660 769 0.89
660 1060 0.81
661 158 0.39
661 338 0.62
661 657 0.36
661 984 0.16
662 106 0.73
662 137 0.78
662 451 0.12
662 589 0.63
662 715 0.14
663 268 0.52
663 481 0.34
663 691 0.48
663 706 0.37
663 1090 0.17
664 106 0.62
664 660 0.29
666 259 0.89
666 355 0.95
667 107 0.7
668 290 0.87
668 495 0.37
668 694 0.77
669 110 0.43
669 114 0.87
669 119 0.29
670 112 0.76
671 112 0.55
671 280 0.4
671 290 0.08
671 578 0.75
671 778 0.28
672 210 0.63
672 259 0.8
672 367 0.23
673 329 0.74
674 224 0.3
675 115 0.65
675 195 0.22
675 224 0.19
675 367 0.18
675 480 0.53
675 694 0.97
675 875 0.77
676 116 0.92
676 210 0.14
676 305 0.01
677 116 0.57
677 155 0.03
677 404 0.18
677 638 0.38
678 116 0.31
678 196 0.74
678 223 0.08
679 116 0.44
680 116 0.43
680 211 0.36
680 1093 0.71
681 116 0.76
683 118 0.31
684 118 0.3
684 126 0.31
686 284 0.19
686 581 0.02
687 250 0.48
687 306 0.3
687 367 0.76
687 433 0.32
687 434 0.67
687 453 0.26
687 543 0.87
687 703 0.18
688 214 0.66
688 300 1.0
688 367 0.75
688 452 0.06
689 273 0.36
689 495 0.78
691 124 0.81
691 168 0.88
691 196 0.01
691 355 0.32
691 481 0.47
691 585 0.95
691 706 0.12
692 233 0.89
692 321 0.11
692 687 0.09
693 367 0.5
693 1086 0.4
694 290 0.16
694 355 0.04
694 489 0.62
694 495 0.49
694 689 0.96
695 196 0.11
695 198 0.1
695 206 0.07
695 219 0.71
695 274 0.03
695 446 0.29
695 593 0.8
695 696 0.43
695 786 0.3
696 219 0.97
696 472 0.17
696 650 0.61
697 128 0.92
697 320 0.19
697 403 0.95
697 775 0.16
697 790 0.16
698 130 0.64
698 192 0.55
698 211 0.95
698 212 0.12
698 215 0.22
698 512 0.86
698 687 0.06
698 790 0.05
699 297 0.81
699 441 0.2
699 584 0.88
699 1095 0.75
700 183 0.86
700 614 0.25
701 131 0.23
701 499 0.35
702 156 0.76
702 250 0.74
702 269 0.84
704 131 0.09
704 454 0.94
704 661 0.88
704 687 0.02
704 775 0.71
705 194 0.81
705 351 0.47
705 532 0.03
706 585 0.05
706 847 0.24
706 994 0.82
706 1039 0.46
706 1043 0.02
706 1098 0.39
707 134 0.99
707 825 0.4
707 954 0.21
707 1010 0.9
708 454 0.79
708 598 0.74
709 564 0.75
709 816 0.12
709 1035 0.57
709 1038 0.82
710 135 0.9
710 733 0.5
710 851 0.28
711 135 0.21
711 186 0.58
711 252 0.97
711 269 0.5
711 350 0.53
711 466 0.83
711 521 0.7
712 135 0.68
712 313 0.46
712 795 0.73
715 135 0.03
715 183 0.66
715 598 0.3
715 950 0.26
716 136 0.77
718 508 0.23
718 812 0.89
719 267 0.79
720 140 0.06
720 354 0.37
720 557 0.07
721 543 0.38
721 710 0.24
722 140 0.34
723 141 0.44
723 737 0.48
724 389 0.81
724 744 0.39
724 940 0.06
724 958 0.07
725 284 0.58
725 390 0.05
725 408 0.69
725 438 0.8
725 542 0.22
725 552 0.41
725 600 0.55
725 729 0.87
725 730 0.82
725 787 0.32
725 798 0.89
726 389 0.34
726 412 0.39
726 434 0.49
726 571 0.24
726 725 0.07
726 729 0.74
726 788 0.27
726 887 0.14
726 978 0.13
727 351 0.11
728 992 0.79
728 1003 0.06
729 143 0.38
729 299 0.71
729 305 0.98
729 389 0.49
729 434 0.08
729 438 0.55
729 542 0.09
729 859 0.84
730 143 0.58
730 299 0.87
730 381 0.92
730 386 0.61
730 407 0.82
730 500 0.5
730 504 0.65
730 945 0.54
730 981 0.21
730 983 0.15
731 406 0.88
731 408 0.92
731 450 0.31
731 728 0.15
731 974 0.65
732 144 0.99
732 710 0.89
735 145 0.03
735 152 0.78
736 185 0.12
736 341 0.65
736 371 0.32
736 505 0.25
736 937 0.95
737 146 0.44
737 149 0.21
737 152 0.41
738 147 0.87
739 152 0.55
740 152 0.55
741 152 0.95
741 598 0.94
741 603 0.95
742 152 0.63
742 185 0.06
742 596 0.52
743 412 0.93
743 590 0.44
743 591 0.49
743 748 0.35
743 944 0.03
744 153 0.68
744 356 0.54
744 745 0.73
744 746 0.17
744 783 0.17
744 945 0.45
745 356 0.88
745 396 0.32
745 940 0.35
745 945 0.34
746 153 0.95
746 347 1.0
746 724 0.77
746 743 0.43
746 745 0.54
747 153 0.0
747 356 0.36
747 724 0.44
748 590 0.51
748 744 0.68
748 745 0.69
748 746 0.67
750 158 0.87
750 271 0.31
750 356 0.62
750 872 0.96
751 158 0.98
752 661 0.32
753 395 0.74
753 754 0.8
754 158 0.56
754 661 0.05
754 812 0.15
755 158 0.86
755 508 0.69
755 706 0.29
756 159 0.56
756 299 0.94
756 398 0.16
756 434 0.03
756 542 0.3
756 552 0.18
756 571 0.44
756 590 0.64
756 726 0.16
756 730 0.15
756 885 0.01
756 886 0.33
756 887 0.94
756 888 0.71
757 460 0.91
757 486 0.32
757 513 0.19
757 582 0.76
757 848 0.94
757 1027 0.9
757 1045 0.55
757 1101 0.89
758 160 0.52
761 176 0.51
761 339 0.39
761 340 0.93
761 935 0.46
762 182 0.62
762 564 0.43
763 182 0.45
764 498 0.55
765 313 0.18
765 359 0.5
765 466 0.79
765 523 0.17
765 528 0.19
765 795 0.8
765 822 0.37
765 1053 0.88
766 187 0.67
766 774 0.18
767 365 0.04
767 367 0.8
768 186 0.14
769 256 0.47
769 467 0.13
769 588 0.14
769 654 0.22
769 770 0.21
769 953 0.39
770 188 0.01
770 975 0.83
771 515 0.82
771 953 0.23
771 1104 0.24
772 188 0.08
772 451 0.48
772 588 0.75
772 654 0.55
772 660 0.37
772 819 1.0
773 189 0.31
773 649 0.41
774 189 0.31
774 896 0.82
775 193 0.46
775 198 0.4
775 230 0.55
775 407 0.08
775 429 0.22
775 512 0.14
775 650 0.39
775 756 0.11
775 809 0.45
776 192 0.41
777 194 0.05
779 196 0.97
780 196 0.08
780 199 0.61
780 786 0.12
781 196 0.34
781 289 0.6
781 390 0.51
782 197 0.44
783 198 0.72
783 293 0.21
783 649 0.68
783 703 0.37
783 786 0.91
784 199 0.93
784 380 0.63
784 382 0.23
784 885 0.66
786 199 0.44
786 215 0.43
786 596 0.06
786 599 0.74
786 647 0.63
787 200 0.62
788 299 0.89
788 410 0.44
788 434 0.82
788 571 0.69
788 756 0.64
788 886 0.81
788 887 0.72
788 888 0.93
790 204 0.23
790 219 0.4
792 211 0.89
792 212 0.12
792 219 0.01
793 213 0.33
793 738 0.9
793 1005 0.05
793 1067 0.75
793 1069 0.49
793 1078 0.24
795 1066 0.07
796 213 0.5
796 384 0.26
797 698 0.99
798 216 0.51
800 219 0.96
801 219 0.41
801 698 0.98
802 1106 0.45
805 223 0.32
806 225 0.89
806 495 0.98
806 699 0.58
808 471 0.18
808 564 0.08
808 757 0.13
808 1097 0.43
809 230 0.78
809 248 0.03
809 379 0.58
809 389 0.5
809 794 0.53
809 833 0.55
811 233 0.32
811 302 0.95
811 480 0.27
811 1037 0.08
812 233 0.28
812 239 0.64
813 239 0.91
814 233 0.04
815 233 0.37
816 270 0.91
816 447 0.61
816 565 0.81
816 823 0.59
816 847 0.85
816 849 0.02
817 308 0.5
817 429 0.54
817 456 0.09
818 501 0.47
819 770 0.64
819 952 0.75
819 1058 0.1
820 237 0.19
820 853 0.73
821 464 0.29
821 624 0.32
821 734 0.55
822 237 0.28
822 528 0.28
822 1053 0.23
823 238 0.48
824 278 0.34
824 422 0.97
824 564 0.52
824 565 1.0
825 814 0.93
826 240 0.55
826 243 0.58
829 270 0.62
832 244 0.54
833 504 0.15
833 542 0.3
833 775 0.67
833 834 0.82
834 248 0.13
834 443 0.46
834 555 0.65
834 775 0.19
834 809 0.52
835 251 0.67
835 391 0.54
836 255 0.08
836 451 0.13
836 470 0.68
836 518 0.24
836 671 0.41
836 859 0.55
836 1010 0.52
836 1111 0.34
837 255 0.17
837 290 0.13
837 880 0.94
838 290 0.19
838 355 0.68
838 837 0.3
839 255 0.28
840 391 0.68
840 459 0.97
840 700 0.03
840 701 0.0
840 980 0.77
841 256 0.97
841 353 0.11
844 257 0.91
844 308 0.61
844 351 0.2
846 260 0.63
846 657 0.14
846 812 0.16
847 278 0.69
847 481 0.24
847 1035 0.7
847 1039 0.51
847 1043 0.69
848 278 0.19
848 419 0.52
848 460 0.91
848 471 0.44
848 808 0.53
848 1034 0.68
848 1045 0.65
849 264 0.66
849 479 0.24
849 482 0.6
849 564 0.5
849 709 0.24
849 1035 0.7
849 1037 0.26
850 265 0.93
850 807 0.65
851 416 0.44
852 267 0.93
853 691 0.53
853 707 0.99
853 929 0.32
855 269 0.61
855 603 0.33
855 869 0.3
855 923 0.96
857 270 0.28
859 271 0.58
859 354 0.75
859 409 0.53
859 633 0.07
860 312 0.61
860 555 0.77
860 907 0.72
860 963 0.05
861 271 0.67
861 333 0.08
861 711 0.83
861 988 0.99
861 989 0.07
861 1050 0.71
863 274 0.69
864 427 0.31
865 976 0.27
865 1113 0.17
868 278 0.48
868 427 0.1
868 564 0.27
868 824 0.54
868 855 0.26
869 483 0.03
869 854 0.8
869 868 0.56
870 351 0.17
870 476 0.25
870 824 0.29
870 868 0.92
870 871 0.82
870 1038 0.13
871 855 0.02
872 370 0.63
872 417 0.55
872 606 0.66
872 609 0.44
872 634 0.78
873 287 0.53
874 495 0.26
875 295 0.16
875 495 0.13
876 287 0.58
877 297 0.86
878 287 0.52
878 489 0.37
878 495 0.01
879 287 0.04
879 367 0.02
879 699 0.57
880 668 0.51
881 296 0.46
881 308 0.88
881 330 0.79
882 377 0.65
882 441 0.31
883 586 0.58
884 299 0.15
884 341 0.7
884 383 0.09
884 413 0.6
884 688 0.68
884 692 0.01
884 775 0.62
884 1116 0.58
885 571 0.96
885 726 0.51
885 788 0.67
885 887 0.18
886 389 0.48
886 434 0.85
886 552 0.93
886 726 0.55
886 885 0.74
886 888 0.88
887 299 0.39
887 434 0.49
887 571 0.94
887 886 0.93
888 299 0.62
888 434 0.9
888 542 0.33
888 552 0.51
888 726 0.21
888 885 0.81
888 887 0.76
889 303 0.72
889 341 0.87
889 357 0.96
889 512 0.42
889 891 0.04
890 303 0.68
890 381 0.19
890 385 0.23
890 388 0.43
890 784 0.41
890 978 0.37
890 1117 0.54
891 357 0.5
891 578 0.99
891 784 0.5
891 896 0.57
891 907 0.44
892 341 0.89
892 381 0.89
892 384 0.52
892 396 1.0
892 409 0.48
893 303 0.75
893 504 0.48
894 393 0.47
894 895 0.04
894 920 0.38
894 981 0.84
894 982 0.4
894 983 0.92
895 332 0.74
895 393 0.48
895 784 0.4
895 920 0.75
896 341 0.5
896 357 0.49
896 384 0.55
896 889 0.72
896 924 0.34
898 306 0.03
898 1118 0.34
899 311 0.1
899 900 0.2
900 306 0.33
900 711 0.65
901 307 0.86
902 314 0.38
902 527 0.68
902 558 0.33
902 561 0.84
902 912 0.95
903 310 0.28
903 795 0.84
904 312 0.28
904 408 0.24
904 512 0.3
904 908 0.01
905 332 0.16
905 356 0.66
906 312 0.29
907 312 0.3
907 432 0.89
907 911 0.43
907 1005 0.56
907 1067 0.82
908 336 0.5
908 512 0.8
908 719 0.63
908 833 0.52
908 992 0.46
908 1003 0.9
909 313 0.47
910 1069 0.11
910 1078 0.18
910 1105 0.15
912 527 0.54
912 558 0.0
912 1054 0.02
912 1066 0.51
913 316 0.56
914 316 0.17
915 319 0.23
919 429 0.12
919 1119 0.59
920 332 0.3
920 981 0.15
921 358 0.36
921 1090 0.06
922 333 0.32
922 460 0.19
922 486 0.94
923 334 0.18
923 457 0.21
923 612 0.11
924 608 0.44
924 985 0.04
925 334 0.18
925 598 0.05
926 799 0.47
929 339 0.41
929 368 0.46
929 425 0.53
930 339 0.68
930 354 0.76
930 761 0.43
931 339 0.93
931 1011 0.47
931 1121 0.97
932 339 0.9
932 432 0.5
932 468 0.42
932 963 0.58
932 1005 0.92
933 339 0.68
934 340 0.43
935 340 0.13
935 658 0.94
935 987 0.05
936 341 0.12
936 784 0.87
936 889 0.72
936 896 0.67
937 341 0.99
938 341 0.94
938 384 0.01
938 387 0.99
939 344 0.26
940 347 0.41
940 748 0.69
940 946 0.55
941 724 0.63
941 940 0.14
941 942 0.1
943 347 0.55
945 724 0.81
945 743 0.4
945 746 0.25
946 347 0.76
946 356 0.79
946 724 0.38
948 350 0.2
949 350 0.76
950 352 0.29
950 451 0.98
950 538 0.78
951 352 0.32
951 588 0.42
952 352 0.92
952 467 0.75
952 588 0.92
952 950 0.86
953 352 0.53
953 368 0.63
953 392 0.17
953 588 0.51
953 598 0.77
953 656 0.87
953 819 0.89
954 353 0.23
954 568 0.93
954 588 0.97
954 962 0.26
955 354 0.38
957 422 0.15
957 479 0.64
957 480 0.91
957 564 0.24
957 811 0.67
957 995 0.31
958 388 0.33
958 396 0.99
958 942 0.04
959 355 0.09
960 356 0.81
960 572 0.03
960 1122 0.88
961 356 0.96
961 590 0.73
962 358 0.21
962 365 0.13
962 660 0.02
965 742 0.8
966 367 0.51
967 376 0.55
968 376 0.37
968 1080 0.16
972 377 0.71
974 378 0.5
975 691 0.48
976 380 0.14
976 728 0.64
976 773 0.66
976 831 0.74
976 894 0.27
976 895 0.32
976 981 0.65
979 496 0.89
979 498 0.75
979 657 0.6
980 572 0.64
980 1068 0.01
981 393 0.39
981 504 0.61
981 895 0.08
981 983 0.27
982 730 0.58
983 393 0.64
983 413 0.93
983 895 0.66
983 920 0.46
983 976 0.32
984 395 0.14
985 396 0.77
985 608 0.42
985 634 0.16
986 724 0.79
986 958 0.28
987 401 0.06
987 699 0.37
987 1087 0.68
988 402 0.51
988 714 0.28
989 402 0.85
989 1050 0.63
990 665 0.97
990 818 0.84
992 731 0.97
992 1003 0.33
995 418 0.03
995 460 0.94
995 477 0.81
995 482 0.23
995 486 0.38
995 564 0.99
996 422 0.39
996 705 0.44
996 957 0.27
996 995 0.2
998 1125 0.5
999 427 0.34
999 507 0.29
1001 499 0.76
1001 687 0.65
1001 1049 0.37
1002 429 0.94
1002 460 0.34
1002 922 0.49
1003 431 0.96
1003 731 0.28
1004 432 0.26
1004 907 0.3
1005 860 0.52
1005 910 0.06
1005 1004 0.03
1007 447 0.34
1007 687 0.52
1008 483 0.08
1009 462 0.61
1009 555 0.65
1009 990 0.72
1009 1127 0.83
1010 467 0.31
1011 894 0.62
1013 464 0.73
1014 454 0.74
1014 636 0.64
1016 458 0.72
1016 521 0.55
1017 459 0.87
1018 459 0.64
1019 613 0.46
1019 1017 0.83
1019 1068 0.2
1020 460 0.35
1020 475 0.79
1020 477 0.98
1020 486 0.76
1020 757 0.8
1023 460 0.9
1023 808 0.82
1023 923 0.4
1024 460 0.31
1024 484 0.16
1025 757 0.4
1026 487 0.92
1026 564 0.84
1026 757 0.06
1026 995 0.74
1026 1045 0.03
1030 466 0.35
1031 466 0.19
1031 587 0.01
1032 468 0.95
1032 598 0.59
1032 1069 0.57
1033 468 0.92
1034 808 0.94
1035 475 0.41
1035 870 0.77
1035 1039 0.96
1035 1043 0.57
1036 477 0.15
1036 824 0.68
1037 479 0.26
1037 957 0.34
1038 706 0.3
1038 1035 0.02
1040 483 0.1
1041 607 0.76
1042 483 0.92
1043 483 0.11
1043 849 0.42
1043 995 0.95
1043 1039 0.64
1043 1098 0.69
1044 487 0.61
1046 489 0.61
1047 495 0.18
1047 675 0.71
1048 498 0.42
1048 764 0.46
1049 499 0.32
1050 504 0.44
1050 711 0.23
1050 988 0.22
1051 512 0.18
1051 904 0.48
1053 1129 0.87
1054 558 0.9
1054 561 0.34
1056 535 0.46
1058 546 0.36
1058 900 0.6
1059 549 0.55
1060 553 0.78
1061 568 0.68
1062 554 0.04
1062 598 0.39
1062 828 0.2
1062 928 0.76
1063 958 0.89
1065 561 0.81
1065 912 0.85
1066 902 0.99
1066 1105 0.19
1067 578 0.73
1067 687 0.76
1067 910 0.78
1067 1004 0.19
1067 1005 0.1
1067 1069 0.36
1067 1070 0.89
1067 1078 0.67
1068 578 0.85
1068 1017 0.96
1069 907 0.29
1069 1004 0.47
1069 1005 0.89
1069 1070 0.89
1069 1078 0.25
1069 1105 0.5
1070 1005 0.09
1070 1105 0.27
1072 587 0.28
1073 770 0.88
1073 1130 0.57
1074 592 0.33
1075 748 0.34
1077 598 0.32
1078 634 0.86
1078 1032 0.35
1078 1079 0.58
1079 610 0.32
1080 1084 0.75
1081 612 0.53
1083 612 0.13
1084 661 0.2
1084 968 0.31
1086 651 0.31
1087 658 0.21
1087 935 0.72
1088 658 0.55
1088 1089 0.47
1091 664 0.02
1092 671 0.53
1094 694 0.08
1095 878 0.38
1096 701 0.44
1097 705 0.33
1097 1024 0.63
1098 709 0.8
1098 847 0.86
1098 848 0.19
1098 849 0.49
1098 1035 0.99
1098 1039 0.46
1098 1112 0.27
1099 714 0.09
1100 724 0.92
1100 958 0.52
1102 765 0.04
1103 768 0.86
1105 793 0.35
1105 1004 0.75
1105 1005 0.39
1105 1067 0.12
1107 824 0.65
1108 834 0.05
1109 836 0.47
1110 836 0.69
1112 855 0.02
1112 868 0.79
1112 869 0.04
1112 995 0.04
1112 1045 0.14
1113 859 0.49
1114 870 0.05
1115 874 0.46
1120 930 0.09
1123 979 0.93
1123 997 0.05
1124 981 0.61
1126 1001 0.38
1128 1023 0.54
1131 1080 0.54
1132 1087 0.34
1133 1096 0.87
